20.7281549347876
83.2406826685705
24.183050100728
11.6874824743798
57.6388011731074
14.1848374610114
57.2673228814107
45.978126676447
30.2228723244038
61.7591057846956
62.2066643209905
0.919537630734631
93.1303183224538
14.6155384437413
11.9529285818243
58.5729732436785
29.3318415886027
50.2046805404252
3.5239828898893
52.828012071476
44.368618937683
5.20826399503682
28.9734394983308
16.1030186041266
18.2062507495524
60.8577689530918
6.94223104690815
17.6139738185703
24.2568282931797
39.0408942153044
3.66040644287814
54.8155384437412
6.02427943842032
20.7856822369557
24.3354785872613
10.41569835689
37.0923536373389
34.2871958645434
73.1014222846501
69.4091231975256
28.8742604635407
35.5457980860923
21.3161440127275
19.8804594706957
29.8205954895614
2.05340925299114
33.1829340931295
2.52283746579607
46.8649490579217
0.727285082485723
182.118286113624
27.6316923683463
4.04684327352477
27.5233997108069
8.37184462788828
153.501888840818
11.0208041176598
75.8020402799179
