535.279757921943
1274.37718832235
943.174340403923
1405.2408942153
815.010512515929
538.92507038673
912.349204090731
1153.44120263859
542.065671863505
808.408390851566
808.532325818317
783.660141447862
808.532325818317
1347.44327103012
981.039115046678
1394.29100392797
1351.76499670497
609.408263995037
1209.97812667645
1205.53845189921
537.373021522059
1228.37965801851
1182.45619228369
1152.61326360104
1157.56611748758
974.73328489834
846.870008746554
739.152928581824
847.991714254452
541.81571941619
739.477367731403
537.091174929132
864.874999496349
1341.34641033563
536.331841588603
1299.03349240393
535.052956462384
1267.48171388638
602.102934874486
1361.67712503235
1140.24314608721
1136.11431674382
539.764532981231
1105.73834485845
654.13696114413
1152.29546980582
616.34543018929
1133.12533521571
1374.89128703602
1350.31740467145
1153.84640652914
1152.29546980582
1368.67768333266
535.279757921943
616.739732030023
1403.78093919703
819.04715306509
536.133681380723
819.04715306509
972.477162534204
780.639291726401
1196.93712189971
782.850162024929
818.103462387659
1403.78093919703
1209.97812667645
1222.78174699589
607.443259929262
800.399129649371
1123.89603467752
1396.77198792852
542.634465033413
614.403701898231
1167.32815493479
1154.68101108183
1399.95931733143
1290.78305010073
1154.68101108183
615.239574798969
537.146660323551
1050.65932268336
1101.28748247438
718.45682829318
750.49032393596
655.238801173107
536.692741532582
1249.40625074955
588.072706137666
1152.29546980582
656.333340330542
686.184837461011
690.139339348789
571.441528069696
1182.26732288141
990.974240683201
538.295336453021
914.335239844946
921.098193162994
1154.68101108183
541.117987786569
538.92507038673
1250.81463352498
538.295336453021
923.344470547797
1379.003607484
1398.51863594294
981.039115046679
981.039115046679
539.517779995999
740.553830143261
1327.26209135137
1168.28794092048
1351.76499670497
1209.97812667645
972.383035518485
966.222872324404
593.353121360093
536.200137188583
615.766106477261
1152.29546980582
817.164102422769
1405.2408942153
686.56408199337
1152.29546980582
901.619013116531
1135.46888963994
1152.29546980582
1405.2408942153
1152.29546980582
871.006664320991
720.319537630735
1152.29546980582
1403.20407028229
637.088714761173
874.669681677546
1151.09832471587
799.326497028167
871.006664320991
537.814317763044
863.784461556259
1152.29546980582
838.193047388229
1346.05776895309
636.410921232915
735.89342933123
535.279757921943
1152.29546980582
1288.10699377141
1350.31740467145
739.152928581824
742.440414951216
535.364939349128
1152.29546980582
1401.74545611757
738.076091330732
1266.07408188348
863.784461556259
862.677599196457
1153.53530954786
1325.39133074542
1301.77297324368
1278.28882793395
537.519657167365
604.107826620513
536.331841588603
601.004680540425
637.876017110111
1392.41168651537
1396.77198792852
1405.2408942153
1195.37613103968
543.716171112695
1405.2408942153
1327.06964265887
1396.77198792852
1396.77198792852
1346.05776895309
655.231381062317
637.876017110111
978.668893859948
1397.1017426842
1356.13461043531
609.408263995037
1391.55996606475
740.573439498331
1379.99334285422
976.0811639009
963.844962622286
741.649601923054
624.696981395873
1249.40625074955
871.317522122369
550.094263750483
1163.40154676423
790.169709366422
1167.32815493479
1405.2408942153
1402.78190154908
863.784461556259
1346.05776895309
1163.40154676423
546.014245160121
1272.95812989643
1401.74545611757
700.128476716814
915.227392189873
941.873775910243
796.257145323574
1228.39133132131
535.916889534315
1387.863337673
1169.66494322852
739.141389466202
914.181522533043
1155.04347535915
1396.77198792852
1159.79126030867
1346.05776895309
1155.81253568717
542.18602618143
1338.03584538157
688.988904685568
912.523367781279
1159.79126030867
1340.37454517295
1347.44327103012
603.973406883381
718.45682829318
1405.2408942153
1037.17954841803
808.532325818317
718.45682829318
540.139830928389
1154.68944920237
1036.00134109275
963.881841077554
1313.48566192371
657.037018246614
1039.77173883091
1350.31740467145
1151.09832471587
1401.74545611757
618.555695571678
1395.07239683923
713.216680275398
1152.29546980582
1033.13959355712
1387.61251507879
1192.44876685041
1152.29546980582
1038.56664730306
1274.37718832235
1226.98251875904
1035.76760218805
615.645619366627
1154.15438287608
1405.2408942153
639.332350197513
1341.36640170785
939.24567530232
1152.29546980582
674.886169591811
1198.45220480721
1401.74545611757
1405.2408942153
1061.26203598983
1239.71586098725
1353.19189906012
863.784461556259
608.293919745801
846.207111083151
814.82427943842
541.14797440782
807.457559181631
1248.06593433184
605.511051231501
537.814317763044
536.68059487959
1168.49706942145
839.664521412739
581.345435515653
1153.66644635069
1152.29546980582
1152.20804807271
1394.71636873468
917.405991353988
1339.45141889524
1152.29546980582
1268.90220669382
1098.36652388576
1152.29546980582
813.547918458564
1168.40905535959
1152.29546980582
1228.37965801851
650.669936056938
915.227392189873
1105.73834485845
1155.04347535915
1392.1245007357
536.50553711959
1266.07408188348
1353.17552399806
863.784461556259
827.61569835689
686.455324667202
1183.657161093
869.238101781242
863.784461556259
614.403701898231
1249.40625074955
863.784461556259
1249.40625074955
615.643591602024
1336.61351739843
847.923020530802
1055.89235363734
968.615858088583
780.558848032267
1336.61351739843
1199.91280413546
1208.57898637093
966.280873107048
1115.90142228465
1228.46960741841
978.554081680058
609.408263995037
1229.87875491731
1341.34641033563
956.295960453687
1268.90220669382
1367.24663333414
974.858506853143
1246.60912319753
636.410921232915
1106.21952225354
1169.88626258393
932.935244804298
789.074260463541
1351.72723535257
1289.32104196888
1196.93712189971
739.152928581824
1101.7992018632
539.764532981231
969.815752280037
1396.77198792852
1396.77198792852
780.639291726401
813.569805966164
1392.19248672037
1395.07239683923
1208.57898637093
1392.41168651537
538.295336453021
610.596165471566
637.198151678355
619.434975734792
1395.07239683923
618.585449654574
971.271824202795
662.465712191526
618.585449654574
609.408263995037
973.684649672438
1210.07426113748
740.553830143261
966.222872324404
1367.23525169108
984.778286340815
610.17566298114
1168.49706942145
1377.58583157146
625.314662901038
818.103462387659
1339.45141889524
614.403701898231
1209.97812667645
1289.32104196888
1249.40625074955
962.545798086092
838.377526742378
632.116144012727
1367.24663333414
977.319540529304
536.366506829653
1099.75381902732
858.719831744049
1337.451850584
654.761882857003
628.979404510439
813.547918458564
912.214234691269
1228.40192145957
538.295336453021
742.059302855717
829.338450134574
1127.63699768023
1343.21579448224
864.073451548045
977.440858195309
1208.59186382998
605.68471284853
1270.29231836204
719.567335015589
982.351832515833
974.858506853143
601.004680540425
1053.29629336214
638.776334877089
976.0811639009
1403.78093919703
687.667602456686
1324.26013270787
538.29545194238
536.50553711959
1152.29546980582
977.553032393428
655.231381062317
1055.89235363734
977.440858195309
982.351832515833
973.684649672438
603.336899056167
1267.48171388638
1152.29546980582
872.450068343943
742.078904612673
981.16539762055
973.684649672438
639.31176957752
1152.29546980582
625.824086645513
861.611948819289
1015.12935359777
646.21067108686
787.968589314461
740.573439498331
621.900488668025
818.103462387659
1372.36399932398
862.677599196457
792.346570135421
917.500147207592
1389.08761861411
861.611948819289
535.453409252991
803.642019414354
1153.44120263859
540.487910348183
1300.28953486529
832.982934093129
598.699318013405
638.776334877089
1169.49733657655
1153.44120263859
1152.29546980582
536.788029208382
656.291663665546
842.382231998351
739.172544837218
1127.63699768023
719.609396526479
827.61569835689
1342.78345623735
625.766441890962
863.784461556259
1274.37718832235
831.134735202975
1275.80017396131
937.897901897811
819.181067765125
620.651091888522
777.182747080044
1274.56331427738
961.35836167476
1403.20407028229
632.601494339041
1267.48171388638
1202.72956269414
796.347487701091
1053.29629336214
1173.71305471851
1271.5278390798
972.477162534204
1276.86494905792
1070.93978510857
536.200137188583
807.457559181631
686.514318730251
861.995316860747
1267.48171388638
1127.63699768023
718.45682829318
789.074260463541
1162.02462002976
1158.64563850547
718.45682829318
537.781100808019
1162.02462002976
941.920976223015
610.941436816882
1159.27685188651
1226.98251875904
1159.27685188651
1144.34604620254
1228.37965801851
1037.17954841803
1228.39133132131
1266.07408188348
1102.05019443731
1398.51863594294
961.412411699885
1357.49073392519
1400.57403040538
1383.52163404893
1205.7031442885
865.551461806847
829.338450134574
609.735820600107
846.870008746554
1235.42133500459
862.677599196457
846.870008746554
846.870008746554
863.784461556259
1057.1894091868
1199.91280413546
573.167160782109
1267.48171388638
802.559377200868
537.091174929132
963.844962622286
1226.98251875904
1136.11431674382
1268.90220669382
833.70221046048
839.664521412739
632.116144012727
1267.48171388638
1107.50854317116
1311.12728508249
932.935244804297
1372.36399932398
1351.72723535257
1104.83176017808
831.299891259831
1372.36399932398
1350.31740467145
1105.73834485845
632.908199034736
1095.58671680506
1369.77946793683
1354.58331845795
538.92507038673
628.006496697921
1405.2408942153
1267.48171388638
619.569246462902
863.784461556259
827.61569835689
968.615858088583
863.784461556259
1396.77198792852
1112.04428150945
1393.88989510743
780.639291726401
1370.12225571627
864.835165885207
1356.01161778554
1398.80288985148
1393.40009790301
1210.07426113748
779.468029989491
864.874999496349
863.784461556259
1401.74545611757
1392.99218507858
1209.97812667645
780.558848032267
1364.53397493544
1348.9305838558
605.12186153678
1057.10630775568
609.657170651654
1209.97812667645
610.586815662899
1122.66954816566
609.657170651654
1172.45561827001
1343.21579448224
537.709154662771
1289.32104196888
833.70221046048
1289.32104196888
1053.29629336214
1239.72591108106
1289.56854708828
1096.96728108321
538.295336453021
660.698649527459
1350.31740467145
625.314662901038
655.834257500738
1351.74360227828
976.227307347405
913.16970358279
581.612281770608
1286.64741394201
535.453409252991
538.92507038673
581.612281770608
662.465712191526
723.85568244211
628.979404510439
540.487910348183
1006.16830763165
1356.01161778554
1382.52527750875
981.039115046678
539.638819678382
1003.54538464078
802.559377200868
535.453409252991
979.978638852396
833.094942636513
976.0811639009
981.041565730742
1351.76499670497
1209.97812667645
973.652587181563
1209.97812667645
977.440858195309
1209.85924463681
1405.2408942153
982.351832515833
687.885409560523
1152.29546980582
977.34090674434
902.727995950876
875.150640722034
739.152928581824
1152.29546980582
872.450068343943
1403.78093919703
640.426465645527
1209.97812667645
1210.07426113748
1228.39133132131
862.677599196457
1405.2408942153
978.554081680058
1347.44327103012
738.076091330732
628.006496697921
739.152928581824
1374.89128703602
740.553830143261
908.378408440048
1218.46942435843
1291.95315672648
860.893000216578
740.553830143261
1153.57902743851
1298.84515308404
1351.74360227828
638.776334877089
1300.28953486529
601.004680540425
638.776334877089
1297.58958513446
598.79420864988
1327.06964265887
1396.77198792852
636.103564856096
1357.37281611111
600.625569515699
655.231381062317
638.99541379332
604.314754455386
637.198151678355
832.982934093129
1260.66476248096
743.154646623094
1134.24270377942
741.710369373703
1299.2885394006
1107.50854317116
741.649601923054
627.233802957798
740.553830143261
1310.73077038042
1274.37718832235
624.064608729143
1274.38060474916
945.757976170672
863.784461556259
1331.62789890533
861.611948819289
1399.22344597957
861.995316860747
739.172544837218
795.24600653318
1210.07426113748
1178.26807501838
538.034599658991
1342.78345623735
893.476600289193
1264.82432241876
542.425266093454
1128.75489586973
718.45682829318
716.973095390487
1403.78093919703
1162.02462002976
718.45682829318
740.553830143261
1150.05960297673
941.920976223015
1314.89823482399
1289.83406329768
638.523940477361
1160.8163393081
1228.41888895101
718.45682829318
1398.54150021572
1342.78345623735
1035.76760218805
1403.78093919703
1401.74545611757
962.467148477782
1401.67848272633
862.677599196457
1395.07239683923
1392.42935510681
846.870008746554
609.706981695703
847.923020530802
535.771844627888
863.784461556259
1209.97812667645
1266.07408188348
536.788029208382
1136.11431674382
1267.48171388638
836.893307533596
535.73582930847
718.45682829318
1266.07408188348
1105.73834485845
538.220959135021
540.227031467501
1152.05803203564
1374.89128703602
1351.74360227828
1341.34641033563
1368.67768333266
1268.88895811118
1097.21813698087
791.954368109723
1156.05192161584
1370.12225571627
864.835165885207
827.61569835689
863.784461556259
779.468029989491
1209.95039162759
860.893000216578
900.698111159182
1058.48250275774
1297.40753910301
632.601494339041
1176.89075076427
893.476600289193
1289.32104196888
1239.71586098725
893.476600289193
667.396118040355
1405.2408942153
719.567335015589
538.92507038673
1387.85861461894
981.039115046679
542.18602618143
979.860445010338
1351.76499670497
1209.97812667645
1208.46012359958
1006.16830763165
977.319540529304
1405.2408942153
536.104067196057
537.403664715555
872.386554208666
638.317447579379
1367.24663333414
977.31191329169
863.784461556259
739.477367731403
628.346627236731
740.553830143261
893.476600289193
861.995316860747
628.346627236731
1300.28953486529
1289.32104196888
603.201409942538
1006.16830763165
639.895863931006
627.866476553993
893.476600289193
1330.11181196797
1396.77198792852
742.059302855717
864.835165885207
740.249089648664
863.784461556259
739.172544837218
626.261146267898
1021.42080411766
1272.95812989643
862.677599196457
536.104067196057
1054.601220154
539.951888346792
1344.18668485377
1389.08761861411
1059.92221413825
863.72546282294
834.777100932369
718.45682829318
718.45682829318
1154.95346824374
938.038659940822
1226.98251875904
863.784461556259
1266.07408188348
536.788029208382
837.967578329798
1107.50854317116
1373.75080441676
1351.74618012753
635.797959720082
827.61569835689
864.874999496349
1055.89235363734
1286.86516926128
545.079032211252
982.351832515833
1206.9371100001
1405.2408942153
628.979404510439
628.979404510439
736.995312556508
628.346627236731
1297.58958513446
1006.16830763165
640.952288396729
742.059302855717
627.866476553993
537.867183712251
1294.47892596036
718.45682829318
1054.601220154
1007.48673425888
1024.04276179634
1304.50585225726
