8.786499999999999773e+02
1.131070000000000164e+03
1.117619999999999891e+03
6.312200000000000273e+02
1.090469999999999800e+03
9.969700000000000273e+02
8.241100000000000136e+02
6.627899999999999636e+02
1.135489999999999782e+03
9.855900000000000318e+02
5.949700000000000273e+02
6.945299999999999727e+02
6.131100000000000136e+02
1.131070000000000164e+03
7.035599999999999454e+02
1.101889999999999873e+03
1.067630000000000109e+03
1.131070000000000164e+03
1.124369999999999891e+03
7.444399999999999409e+02
1.131070000000000164e+03
6.244499999999999318e+02
7.808500000000000227e+02
7.535599999999999454e+02
7.990000000000000000e+02
6.854800000000000182e+02
9.969700000000000273e+02
8.149199999999999591e+02
6.673199999999999363e+02
5.949700000000000273e+02
6.877699999999999818e+02
1.060780000000000200e+03
7.558500000000000227e+02
6.832200000000000273e+02
8.989800000000000182e+02
8.241100000000000136e+02
5.949700000000000273e+02
1.072210000000000036e+03
1.101889999999999873e+03
1.079099999999999909e+03
7.149399999999999409e+02
1.003720000000000027e+03
9.969700000000000273e+02
9.969700000000000273e+02
1.028789999999999964e+03
6.832200000000000273e+02
7.149399999999999409e+02
1.003720000000000027e+03
9.446000000000000227e+02
9.468700000000000045e+02
1.101889999999999873e+03
6.537400000000000091e+02
8.241100000000000136e+02
6.718400000000000318e+02
8.103899999999999864e+02
1.092750000000000000e+03
1.131070000000000164e+03
9.696799999999999500e+02
6.673199999999999363e+02
6.627899999999999636e+02
1.021980000000000018e+03
9.149199999999999591e+02
8.241100000000000136e+02
8.786499999999999773e+02
8.241100000000000136e+02
6.900099999999999909e+02
1.131070000000000164e+03
1.124369999999999891e+03
1.135489999999999782e+03
6.312200000000000273e+02
1.097329999999999927e+03
1.037929999999999836e+03
7.398899999999999864e+02
7.376200000000000045e+02
9.969700000000000273e+02
6.582599999999999909e+02
5.995699999999999363e+02
1.131070000000000164e+03
1.063070000000000164e+03
9.969700000000000273e+02
7.081399999999999864e+02
1.003720000000000027e+03
1.117619999999999891e+03
6.922799999999999727e+02
9.992100000000000364e+02
8.241100000000000136e+02
8.286399999999999864e+02
8.604900000000000091e+02
1.028789999999999964e+03
8.989800000000000182e+02
6.605199999999999818e+02
1.101889999999999873e+03
7.444399999999999409e+02
5.949700000000000273e+02
8.103899999999999864e+02
9.969700000000000273e+02
8.898999999999999773e+02
8.967100000000000364e+02
1.060780000000000200e+03
6.018500000000000227e+02
8.241100000000000136e+02
6.401899999999999409e+02
1.097329999999999927e+03
8.898999999999999773e+02
6.176499999999999773e+02
5.995699999999999363e+02
7.535599999999999454e+02
7.808500000000000227e+02
1.135489999999999782e+03
5.949700000000000273e+02
1.135489999999999782e+03
1.135489999999999782e+03
8.149199999999999591e+02
1.131070000000000164e+03
7.285499999999999545e+02
9.969700000000000273e+02
6.832200000000000273e+02
1.135489999999999782e+03
5.949700000000000273e+02
8.241100000000000136e+02
8.718799999999999955e+02
6.199299999999999500e+02
5.972599999999999909e+02
6.199299999999999500e+02
7.808500000000000227e+02
7.581100000000000136e+02
1.003720000000000027e+03
1.101889999999999873e+03
1.063070000000000164e+03
8.149199999999999591e+02
7.535599999999999454e+02
1.024259999999999764e+03
6.832200000000000273e+02
6.854800000000000182e+02
1.101889999999999873e+03
1.003720000000000027e+03
6.627899999999999636e+02
7.149399999999999409e+02
8.241100000000000136e+02
7.058500000000000227e+02
1.028789999999999964e+03
6.967799999999999727e+02
1.131070000000000164e+03
8.241100000000000136e+02
6.040900000000000318e+02
1.104150000000000091e+03
1.079099999999999909e+03
6.673199999999999363e+02
6.832200000000000273e+02
1.015129999999999995e+03
1.101889999999999873e+03
8.967100000000000364e+02
5.972599999999999909e+02
7.808500000000000227e+02
1.131070000000000164e+03
9.514199999999999591e+02
9.969700000000000273e+02
9.719499999999999318e+02
6.967799999999999727e+02
1.135489999999999782e+03
1.072210000000000036e+03
1.113119999999999891e+03
1.131070000000000164e+03
8.989800000000000182e+02
8.241100000000000136e+02
1.131070000000000164e+03
6.673199999999999363e+02
6.312200000000000273e+02
6.809399999999999409e+02
6.673199999999999363e+02
8.241100000000000136e+02
8.967100000000000364e+02
1.131070000000000164e+03
6.514700000000000273e+02
1.135489999999999782e+03
8.989800000000000182e+02
1.037929999999999836e+03
6.312200000000000273e+02
9.832999999999999545e+02
8.035800000000000409e+02
9.262999999999999545e+02
1.097329999999999927e+03
8.786499999999999773e+02
6.832200000000000273e+02
6.832200000000000273e+02
1.135489999999999782e+03
6.244499999999999318e+02
7.149399999999999409e+02
1.117619999999999891e+03
6.945299999999999727e+02
9.969700000000000273e+02
6.199299999999999500e+02
1.101889999999999873e+03
1.101889999999999873e+03
9.446000000000000227e+02
9.969700000000000273e+02
6.627899999999999636e+02
9.651299999999999955e+02
7.898999999999999773e+02
7.808500000000000227e+02
1.008269999999999982e+03
1.049329999999999927e+03
5.949700000000000273e+02
1.135489999999999782e+03
1.131070000000000164e+03
6.312200000000000273e+02
8.898999999999999773e+02
8.058700000000000045e+02
6.673199999999999363e+02
9.992100000000000364e+02
8.786499999999999773e+02
8.853700000000000045e+02
8.377400000000000091e+02
8.103899999999999864e+02
8.898999999999999773e+02
6.809399999999999409e+02
7.444399999999999409e+02
7.035599999999999454e+02
8.786499999999999773e+02
6.854800000000000182e+02
8.126599999999999682e+02
8.604900000000000091e+02
1.135489999999999782e+03
1.095019999999999982e+03
1.135489999999999782e+03
6.695699999999999363e+02
7.808500000000000227e+02
1.015129999999999995e+03
8.149199999999999591e+02
7.808500000000000227e+02
7.058500000000000227e+02
8.377400000000000091e+02
9.969700000000000273e+02
9.514199999999999591e+02
1.122090000000000146e+03
9.969700000000000273e+02
9.969700000000000273e+02
6.312200000000000273e+02
1.101889999999999873e+03
1.003720000000000027e+03
8.241100000000000136e+02
7.558500000000000227e+02
6.108700000000000045e+02
1.110889999999999873e+03
1.101889999999999873e+03
6.199299999999999500e+02
1.060780000000000200e+03
1.060780000000000200e+03
6.312200000000000273e+02
8.898999999999999773e+02
1.131070000000000164e+03
1.124369999999999891e+03
7.444399999999999409e+02
9.992100000000000364e+02
6.967799999999999727e+02
5.972599999999999909e+02
8.876399999999999864e+02
1.079099999999999909e+03
1.053889999999999873e+03
8.377400000000000091e+02
9.969700000000000273e+02
6.832200000000000273e+02
9.149199999999999591e+02
1.067630000000000109e+03
1.119840000000000146e+03
1.092750000000000000e+03
1.049329999999999927e+03
9.400199999999999818e+02
6.312200000000000273e+02
7.535599999999999454e+02
9.651299999999999955e+02
1.131070000000000164e+03
1.135489999999999782e+03
7.444399999999999409e+02
5.972599999999999909e+02
7.558500000000000227e+02
8.103899999999999864e+02
6.809399999999999409e+02
1.113119999999999891e+03
1.024259999999999764e+03
5.972599999999999909e+02
7.149399999999999409e+02
5.995699999999999363e+02
8.012899999999999636e+02
1.060780000000000200e+03
6.945299999999999727e+02
1.031079999999999927e+03
1.099610000000000127e+03
8.241100000000000136e+02
6.854800000000000182e+02
7.444399999999999409e+02
1.135489999999999782e+03
8.286399999999999864e+02
6.854800000000000182e+02
8.468999999999999773e+02
8.786499999999999773e+02
6.922799999999999727e+02
8.989800000000000182e+02
8.241100000000000136e+02
1.063070000000000164e+03
1.117619999999999891e+03
9.969700000000000273e+02
6.334600000000000364e+02
8.967100000000000364e+02
7.535599999999999454e+02
1.131070000000000164e+03
1.113119999999999891e+03
1.135489999999999782e+03
9.969700000000000273e+02
1.131070000000000164e+03
1.135489999999999782e+03
7.535599999999999454e+02
8.604900000000000091e+02
7.581100000000000136e+02
9.446000000000000227e+02
1.015129999999999995e+03
8.126599999999999682e+02
9.946899999999999409e+02
7.308300000000000409e+02
6.312200000000000273e+02
7.808500000000000227e+02
6.199299999999999500e+02
8.241100000000000136e+02
8.786499999999999773e+02
1.028789999999999964e+03
8.491899999999999409e+02
6.131100000000000136e+02
9.992100000000000364e+02
6.199299999999999500e+02
7.308300000000000409e+02
1.053889999999999873e+03
6.131100000000000136e+02
7.762599999999999909e+02
8.967100000000000364e+02
5.995699999999999363e+02
1.135489999999999782e+03
9.468700000000000045e+02
1.135489999999999782e+03
6.289499999999999318e+02
1.095019999999999982e+03
5.995699999999999363e+02
1.135489999999999782e+03
1.049329999999999927e+03
6.289499999999999318e+02
6.040900000000000318e+02
1.003720000000000027e+03
1.101889999999999873e+03
8.241100000000000136e+02
6.199299999999999500e+02
8.126599999999999682e+02
1.117619999999999891e+03
8.764299999999999500e+02
7.558500000000000227e+02
1.131070000000000164e+03
9.080599999999999454e+02
7.808500000000000227e+02
7.808500000000000227e+02
5.995699999999999363e+02
1.028789999999999964e+03
1.135489999999999782e+03
1.135489999999999782e+03
8.967100000000000364e+02
6.221999999999999318e+02
6.832200000000000273e+02
1.072210000000000036e+03
9.446000000000000227e+02
5.995699999999999363e+02
7.444399999999999409e+02
6.832200000000000273e+02
1.008269999999999982e+03
1.097329999999999927e+03
8.536799999999999500e+02
8.786499999999999773e+02
9.696799999999999500e+02
9.969700000000000273e+02
8.218099999999999454e+02
6.199299999999999500e+02
7.081399999999999864e+02
8.012899999999999636e+02
1.117619999999999891e+03
7.239700000000000273e+02
8.377400000000000091e+02
5.995699999999999363e+02
1.101889999999999873e+03
6.967799999999999727e+02
6.221999999999999318e+02
5.995699999999999363e+02
5.949700000000000273e+02
9.468700000000000045e+02
1.131070000000000164e+03
9.901999999999999318e+02
1.079099999999999909e+03
1.072210000000000036e+03
1.113119999999999891e+03
8.241100000000000136e+02
6.922799999999999727e+02
8.786499999999999773e+02
6.312200000000000273e+02
8.012899999999999636e+02
1.104150000000000091e+03
1.113119999999999891e+03
1.049329999999999927e+03
9.969700000000000273e+02
6.040900000000000318e+02
1.135489999999999782e+03
8.967100000000000364e+02
6.040900000000000318e+02
1.135489999999999782e+03
6.832200000000000273e+02
1.060780000000000200e+03
1.074500000000000000e+03
6.809399999999999409e+02
6.695699999999999363e+02
1.028789999999999964e+03
7.808500000000000227e+02
6.289499999999999318e+02
8.149199999999999591e+02
7.808500000000000227e+02
6.786200000000000045e+02
8.331799999999999500e+02
6.199299999999999500e+02
9.308899999999999864e+02
1.003720000000000027e+03
6.967799999999999727e+02
1.060780000000000200e+03
8.126599999999999682e+02
6.040900000000000318e+02
9.446000000000000227e+02
8.241100000000000136e+02
1.099610000000000127e+03
7.558500000000000227e+02
7.171999999999999318e+02
1.113119999999999891e+03
6.176499999999999773e+02
1.106389999999999873e+03
8.241100000000000136e+02
9.468700000000000045e+02
8.989800000000000182e+02
6.040900000000000318e+02
7.035599999999999454e+02
8.718799999999999955e+02
1.101889999999999873e+03
1.003720000000000027e+03
7.149399999999999409e+02
1.131070000000000164e+03
6.627899999999999636e+02
9.969700000000000273e+02
6.832200000000000273e+02
6.673199999999999363e+02
1.079099999999999909e+03
1.083650000000000091e+03
6.537400000000000091e+02
9.012400000000000091e+02
6.040900000000000318e+02
1.135489999999999782e+03
8.103899999999999864e+02
1.101889999999999873e+03
1.037929999999999836e+03
1.024259999999999764e+03
1.035659999999999854e+03
7.581100000000000136e+02
5.972599999999999909e+02
6.086200000000000045e+02
5.949700000000000273e+02
1.135489999999999782e+03
1.040219999999999800e+03
9.901999999999999318e+02
1.042509999999999764e+03
8.241100000000000136e+02
6.627899999999999636e+02
7.421599999999999682e+02
1.101889999999999873e+03
1.131070000000000164e+03
6.289499999999999318e+02
1.024259999999999764e+03
1.133309999999999945e+03
6.289499999999999318e+02
7.990000000000000000e+02
6.334600000000000364e+02
7.353899999999999864e+02
1.101889999999999873e+03
7.217200000000000273e+02
1.060780000000000200e+03
1.101889999999999873e+03
1.117619999999999891e+03
1.135489999999999782e+03
8.241100000000000136e+02
1.003720000000000027e+03
8.604900000000000091e+02
1.101889999999999873e+03
1.024259999999999764e+03
6.673199999999999363e+02
1.085909999999999854e+03
9.719499999999999318e+02
9.855900000000000318e+02
7.535599999999999454e+02
6.199299999999999500e+02
6.763600000000000136e+02
6.877699999999999818e+02
8.989800000000000182e+02
9.719499999999999318e+02
9.149199999999999591e+02
5.995699999999999363e+02
1.072210000000000036e+03
1.090469999999999800e+03
1.131070000000000164e+03
1.122090000000000146e+03
7.444399999999999409e+02
7.990000000000000000e+02
7.308300000000000409e+02
1.049329999999999927e+03
7.990000000000000000e+02
6.650499999999999545e+02
1.135489999999999782e+03
7.444399999999999409e+02
9.764600000000000364e+02
6.312200000000000273e+02
1.135489999999999782e+03
6.627899999999999636e+02
9.992100000000000364e+02
5.995699999999999363e+02
5.972599999999999909e+02
7.603899999999999864e+02
8.921399999999999864e+02
1.131070000000000164e+03
9.969700000000000273e+02
6.266899999999999409e+02
1.117619999999999891e+03
9.969700000000000273e+02
9.149199999999999591e+02
8.718799999999999955e+02
6.945299999999999727e+02
1.110889999999999873e+03
9.969700000000000273e+02
1.003720000000000027e+03
9.012400000000000091e+02
1.131070000000000164e+03
9.969700000000000273e+02
7.558500000000000227e+02
6.086200000000000045e+02
7.558500000000000227e+02
7.149399999999999409e+02
6.040900000000000318e+02
1.088199999999999818e+03
8.377400000000000091e+02
8.103899999999999864e+02
6.854800000000000182e+02
9.946899999999999409e+02
1.117619999999999891e+03
9.810399999999999636e+02
8.898999999999999773e+02
1.110889999999999873e+03
7.581100000000000136e+02
1.076800000000000182e+03
7.558500000000000227e+02
8.241100000000000136e+02
6.176499999999999773e+02
6.877699999999999818e+02
1.131070000000000164e+03
6.673199999999999363e+02
6.176499999999999773e+02
8.149199999999999591e+02
7.444399999999999409e+02
1.053889999999999873e+03
9.992100000000000364e+02
6.877699999999999818e+02
7.649199999999999591e+02
6.900099999999999909e+02
1.135489999999999782e+03
8.241100000000000136e+02
6.786200000000000045e+02
8.989800000000000182e+02
6.650499999999999545e+02
7.149399999999999409e+02
8.967100000000000364e+02
1.003720000000000027e+03
8.241100000000000136e+02
6.199299999999999500e+02
8.218099999999999454e+02
6.673199999999999363e+02
8.149199999999999591e+02
5.949700000000000273e+02
9.901999999999999318e+02
1.124369999999999891e+03
6.832200000000000273e+02
5.972599999999999909e+02
1.122090000000000146e+03
8.853700000000000045e+02
1.115349999999999909e+03
6.131100000000000136e+02
9.696799999999999500e+02
7.626799999999999500e+02
1.135489999999999782e+03
7.898999999999999773e+02
9.969700000000000273e+02
8.241100000000000136e+02
9.468700000000000045e+02
5.972599999999999909e+02
6.176499999999999773e+02
9.080599999999999454e+02
1.028789999999999964e+03
8.989800000000000182e+02
8.967100000000000364e+02
6.945299999999999727e+02
7.535599999999999454e+02
6.832200000000000273e+02
8.898999999999999773e+02
1.101889999999999873e+03
7.081399999999999864e+02
7.558500000000000227e+02
1.021980000000000018e+03
8.718799999999999955e+02
8.241100000000000136e+02
9.901999999999999318e+02
5.995699999999999363e+02
1.131070000000000164e+03
1.122090000000000146e+03
9.012400000000000091e+02
8.898999999999999773e+02
1.131070000000000164e+03
1.099610000000000127e+03
9.992100000000000364e+02
8.058700000000000045e+02
6.627899999999999636e+02
9.651299999999999955e+02
9.651299999999999955e+02
1.119840000000000146e+03
1.083650000000000091e+03
1.124369999999999891e+03
1.095019999999999982e+03
8.604900000000000091e+02
9.468700000000000045e+02
1.060780000000000200e+03
6.718400000000000318e+02
7.898999999999999773e+02
9.969700000000000273e+02
1.104150000000000091e+03
8.241100000000000136e+02
1.135489999999999782e+03
9.855900000000000318e+02
6.040900000000000318e+02
6.695699999999999363e+02
1.135489999999999782e+03
1.044789999999999964e+03
1.037929999999999836e+03
7.808500000000000227e+02
1.028789999999999964e+03
5.949700000000000273e+02
9.901999999999999318e+02
9.446000000000000227e+02
6.131100000000000136e+02
1.135489999999999782e+03
7.353899999999999864e+02
7.444399999999999409e+02
1.122090000000000146e+03
1.119840000000000146e+03
8.241100000000000136e+02
8.241100000000000136e+02
7.217200000000000273e+02
8.103899999999999864e+02
6.650499999999999545e+02
1.131070000000000164e+03
1.069929999999999836e+03
6.401899999999999409e+02
6.357400000000000091e+02
6.854800000000000182e+02
8.241100000000000136e+02
7.535599999999999454e+02
6.424600000000000364e+02
7.012999999999999545e+02
1.060780000000000200e+03
1.115349999999999909e+03
9.969700000000000273e+02
9.651299999999999955e+02
5.949700000000000273e+02
6.718400000000000318e+02
1.135489999999999782e+03
9.832999999999999545e+02
1.099610000000000127e+03
8.989800000000000182e+02
8.058700000000000045e+02
1.063070000000000164e+03
8.103899999999999864e+02
6.153799999999999955e+02
6.605199999999999818e+02
1.060780000000000200e+03
8.126599999999999682e+02
1.063070000000000164e+03
1.044789999999999964e+03
8.741599999999999682e+02
7.535599999999999454e+02
6.877699999999999818e+02
8.149199999999999591e+02
8.241100000000000136e+02
1.024259999999999764e+03
7.421599999999999682e+02
9.855900000000000318e+02
1.074500000000000000e+03
1.037929999999999836e+03
1.037929999999999836e+03
1.101889999999999873e+03
8.058700000000000045e+02
9.969700000000000273e+02
8.898999999999999773e+02
9.992100000000000364e+02
1.015129999999999995e+03
1.026550000000000182e+03
8.559299999999999500e+02
1.099610000000000127e+03
8.241100000000000136e+02
1.005980000000000018e+03
1.135489999999999782e+03
9.969700000000000273e+02
8.967100000000000364e+02
6.967799999999999727e+02
1.131070000000000164e+03
7.831299999999999955e+02
1.079099999999999909e+03
1.131070000000000164e+03
8.286399999999999864e+02
8.218099999999999454e+02
1.063070000000000164e+03
6.357400000000000091e+02
7.649199999999999591e+02
9.992100000000000364e+02
8.241100000000000136e+02
1.060780000000000200e+03
1.117619999999999891e+03
6.018500000000000227e+02
6.266899999999999409e+02
7.921599999999999682e+02
6.627899999999999636e+02
8.241100000000000136e+02
6.244499999999999318e+02
9.832999999999999545e+02
8.377400000000000091e+02
1.119840000000000146e+03
6.718400000000000318e+02
8.309199999999999591e+02
1.113119999999999891e+03
8.241100000000000136e+02
6.945299999999999727e+02
8.218099999999999454e+02
9.969700000000000273e+02
1.122090000000000146e+03
6.605199999999999818e+02
6.199299999999999500e+02
6.673199999999999363e+02
1.024259999999999764e+03
1.072210000000000036e+03
7.376200000000000045e+02
6.786200000000000045e+02
1.060780000000000200e+03
9.651299999999999955e+02
1.117619999999999891e+03
8.921399999999999864e+02
6.809399999999999409e+02
6.627899999999999636e+02
9.331699999999999591e+02
1.124369999999999891e+03
7.308300000000000409e+02
7.558500000000000227e+02
1.131070000000000164e+03
6.199299999999999500e+02
1.135489999999999782e+03
7.376200000000000045e+02
6.967799999999999727e+02
6.086200000000000045e+02
1.124369999999999891e+03
8.149199999999999591e+02
6.877699999999999818e+02
8.103899999999999864e+02
1.028789999999999964e+03
7.535599999999999454e+02
1.101889999999999873e+03
1.099610000000000127e+03
7.558500000000000227e+02
6.040900000000000318e+02
1.005980000000000018e+03
6.627899999999999636e+02
6.877699999999999818e+02
7.058500000000000227e+02
9.446000000000000227e+02
7.331100000000000136e+02
1.113119999999999891e+03
1.126619999999999891e+03
8.218099999999999454e+02
1.067630000000000109e+03
8.126599999999999682e+02
7.898999999999999773e+02
1.095019999999999982e+03
1.131070000000000164e+03
8.354600000000000364e+02
9.855900000000000318e+02
6.244499999999999318e+02
1.003720000000000027e+03
6.199299999999999500e+02
7.035599999999999454e+02
1.101889999999999873e+03
1.115349999999999909e+03
9.969700000000000273e+02
6.334600000000000364e+02
1.101889999999999873e+03
1.083650000000000091e+03
5.949700000000000273e+02
6.854800000000000182e+02
1.028789999999999964e+03
1.099610000000000127e+03
6.401899999999999409e+02
6.627899999999999636e+02
9.832999999999999545e+02
6.063300000000000409e+02
8.786499999999999773e+02
5.995699999999999363e+02
7.376200000000000045e+02
8.218099999999999454e+02
6.199299999999999500e+02
1.131070000000000164e+03
5.995699999999999363e+02
7.262500000000000000e+02
1.135489999999999782e+03
9.924600000000000364e+02
1.135489999999999782e+03
1.101889999999999873e+03
1.008269999999999982e+03
9.012400000000000091e+02
6.312200000000000273e+02
1.015129999999999995e+03
8.218099999999999454e+02
9.468700000000000045e+02
1.037929999999999836e+03
7.398899999999999864e+02
8.921399999999999864e+02
1.117619999999999891e+03
5.995699999999999363e+02
9.446000000000000227e+02
8.241100000000000136e+02
9.628400000000000318e+02
1.065360000000000127e+03
6.809399999999999409e+02
6.401899999999999409e+02
7.649199999999999591e+02
8.718799999999999955e+02
7.898999999999999773e+02
7.558500000000000227e+02
6.401899999999999409e+02
7.898999999999999773e+02
8.241100000000000136e+02
6.582599999999999909e+02
6.627899999999999636e+02
7.081399999999999864e+02
9.992100000000000364e+02
1.079099999999999909e+03
1.003720000000000027e+03
6.176499999999999773e+02
1.072210000000000036e+03
1.063070000000000164e+03
1.003720000000000027e+03
6.673199999999999363e+02
6.131100000000000136e+02
6.809399999999999409e+02
5.949700000000000273e+02
1.101889999999999873e+03
6.945299999999999727e+02
6.199299999999999500e+02
1.060780000000000200e+03
7.808500000000000227e+02
6.967799999999999727e+02
9.992100000000000364e+02
1.135489999999999782e+03
7.808500000000000227e+02
5.995699999999999363e+02
6.627899999999999636e+02
7.558500000000000227e+02
8.786499999999999773e+02
1.081389999999999873e+03
6.695699999999999363e+02
1.099610000000000127e+03
1.106389999999999873e+03
6.086200000000000045e+02
1.131070000000000164e+03
1.083650000000000091e+03
8.241100000000000136e+02
7.444399999999999409e+02
1.028789999999999964e+03
1.072210000000000036e+03
6.809399999999999409e+02
7.990000000000000000e+02
8.126599999999999682e+02
1.122090000000000146e+03
9.446000000000000227e+02
6.244499999999999318e+02
9.832999999999999545e+02
7.626799999999999500e+02
6.605199999999999818e+02
5.995699999999999363e+02
9.764600000000000364e+02
7.035599999999999454e+02
8.967100000000000364e+02
6.695699999999999363e+02
6.627899999999999636e+02
7.490000000000000000e+02
5.995699999999999363e+02
1.042509999999999764e+03
1.135489999999999782e+03
7.967300000000000182e+02
1.069929999999999836e+03
7.558500000000000227e+02
1.074500000000000000e+03
1.101889999999999873e+03
6.131100000000000136e+02
1.135489999999999782e+03
6.312200000000000273e+02
7.831299999999999955e+02
5.995699999999999363e+02
1.003720000000000027e+03
8.967100000000000364e+02
9.992100000000000364e+02
1.135489999999999782e+03
9.992100000000000364e+02
1.135489999999999782e+03
6.176499999999999773e+02
1.106389999999999873e+03
1.017399999999999977e+03
6.357400000000000091e+02
1.067630000000000109e+03
7.035599999999999454e+02
1.135489999999999782e+03
7.990000000000000000e+02
1.104150000000000091e+03
7.898999999999999773e+02
8.989800000000000182e+02
8.786499999999999773e+02
5.949700000000000273e+02
1.019689999999999941e+03
6.922799999999999727e+02
6.605199999999999818e+02
1.003720000000000027e+03
9.946899999999999409e+02
8.241100000000000136e+02
1.060780000000000200e+03
1.135489999999999782e+03
1.117619999999999891e+03
1.031079999999999927e+03
1.097329999999999927e+03
8.718799999999999955e+02
6.312200000000000273e+02
1.097329999999999927e+03
1.028789999999999964e+03
8.149199999999999591e+02
9.946899999999999409e+02
9.969700000000000273e+02
1.031079999999999927e+03
7.581100000000000136e+02
1.063070000000000164e+03
9.149199999999999591e+02
8.944299999999999500e+02
1.133309999999999945e+03
7.990000000000000000e+02
1.010580000000000041e+03
7.058500000000000227e+02
1.135489999999999782e+03
8.309199999999999591e+02
1.003720000000000027e+03
6.379800000000000182e+02
6.718400000000000318e+02
7.808500000000000227e+02
8.582300000000000182e+02
1.133309999999999945e+03
7.558500000000000227e+02
6.605199999999999818e+02
7.444399999999999409e+02
1.128860000000000127e+03
1.101889999999999873e+03
8.944299999999999500e+02
8.286399999999999864e+02
7.308300000000000409e+02
1.113119999999999891e+03
6.131100000000000136e+02
6.199299999999999500e+02
1.079099999999999909e+03
8.491899999999999409e+02
6.289499999999999318e+02
6.221999999999999318e+02
1.044789999999999964e+03
9.901999999999999318e+02
7.058500000000000227e+02
9.514199999999999591e+02
1.026550000000000182e+03
7.444399999999999409e+02
7.898999999999999773e+02
6.176499999999999773e+02
1.117619999999999891e+03
1.005980000000000018e+03
6.945299999999999727e+02
1.010580000000000041e+03
5.972599999999999909e+02
8.218099999999999454e+02
8.604900000000000091e+02
8.604900000000000091e+02
8.921399999999999864e+02
5.949700000000000273e+02
7.353899999999999864e+02
1.101889999999999873e+03
7.898999999999999773e+02
6.990499999999999545e+02
7.581100000000000136e+02
1.101889999999999873e+03
1.021980000000000018e+03
1.113119999999999891e+03
6.582599999999999909e+02
6.401899999999999409e+02
6.718400000000000318e+02
1.131070000000000164e+03
1.031079999999999927e+03
8.012899999999999636e+02
1.037929999999999836e+03
8.604900000000000091e+02
8.354600000000000364e+02
1.060780000000000200e+03
1.126619999999999891e+03
7.058500000000000227e+02
1.028789999999999964e+03
1.076800000000000182e+03
6.832200000000000273e+02
1.124369999999999891e+03
8.126599999999999682e+02
8.241100000000000136e+02
8.921399999999999864e+02
9.331699999999999591e+02
1.131070000000000164e+03
9.468700000000000045e+02
8.786499999999999773e+02
6.424600000000000364e+02
7.444399999999999409e+02
8.967100000000000364e+02
5.949700000000000273e+02
9.354299999999999500e+02
8.604900000000000091e+02
1.133309999999999945e+03
5.995699999999999363e+02
8.241100000000000136e+02
9.992100000000000364e+02
6.401899999999999409e+02
1.097329999999999927e+03
8.377400000000000091e+02
6.945299999999999727e+02
6.199299999999999500e+02
1.133309999999999945e+03
1.003720000000000027e+03
8.241100000000000136e+02
6.627899999999999636e+02
8.808600000000000136e+02
8.126599999999999682e+02
1.131070000000000164e+03
9.262999999999999545e+02
1.019689999999999941e+03
9.992100000000000364e+02
8.218099999999999454e+02
8.012899999999999636e+02
6.945299999999999727e+02
6.040900000000000318e+02
1.106389999999999873e+03
9.446000000000000227e+02
6.809399999999999409e+02
1.101889999999999873e+03
6.877699999999999818e+02
1.106389999999999873e+03
8.853700000000000045e+02
1.037929999999999836e+03
1.026550000000000182e+03
6.854800000000000182e+02
7.398899999999999864e+02
8.898999999999999773e+02
6.673199999999999363e+02
6.877699999999999818e+02
1.101889999999999873e+03
8.081399999999999864e+02
6.877699999999999818e+02
1.079099999999999909e+03
1.060780000000000200e+03
8.989800000000000182e+02
8.831100000000000136e+02
9.901999999999999318e+02
7.308300000000000409e+02
6.945299999999999727e+02
7.717400000000000091e+02
7.535599999999999454e+02
8.967100000000000364e+02
1.072210000000000036e+03
6.673199999999999363e+02
1.113119999999999891e+03
1.126619999999999891e+03
8.241100000000000136e+02
8.149199999999999591e+02
1.113119999999999891e+03
7.785499999999999545e+02
1.069929999999999836e+03
5.972599999999999909e+02
6.832200000000000273e+02
7.990000000000000000e+02
7.149399999999999409e+02
1.060780000000000200e+03
1.131070000000000164e+03
9.696799999999999500e+02
8.650599999999999454e+02
6.945299999999999727e+02
6.740800000000000409e+02
8.354600000000000364e+02
1.076800000000000182e+03
6.763600000000000136e+02
6.605199999999999818e+02
7.808500000000000227e+02
9.969700000000000273e+02
8.218099999999999454e+02
8.172200000000000273e+02
1.067630000000000109e+03
9.195299999999999727e+02
1.081389999999999873e+03
6.900099999999999909e+02
6.176499999999999773e+02
6.086200000000000045e+02
8.035800000000000409e+02
6.695699999999999363e+02
7.944600000000000364e+02
9.149199999999999591e+02
5.995699999999999363e+02
1.060780000000000200e+03
6.492100000000000364e+02
1.049329999999999927e+03
6.266899999999999409e+02
7.353899999999999864e+02
8.286399999999999864e+02
5.995699999999999363e+02
1.024259999999999764e+03
6.401899999999999409e+02
8.582300000000000182e+02
6.537400000000000091e+02
8.286399999999999864e+02
1.072210000000000036e+03
6.040900000000000318e+02
6.289499999999999318e+02
1.110889999999999873e+03
8.989800000000000182e+02
1.063070000000000164e+03
1.024259999999999764e+03
6.514700000000000273e+02
9.719499999999999318e+02
8.582300000000000182e+02
1.060780000000000200e+03
6.357400000000000091e+02
8.921399999999999864e+02
9.446000000000000227e+02
6.401899999999999409e+02
1.101889999999999873e+03
9.012400000000000091e+02
8.627999999999999545e+02
7.535599999999999454e+02
5.949700000000000273e+02
8.103899999999999864e+02
1.049329999999999927e+03
6.582599999999999909e+02
9.012400000000000091e+02
6.244499999999999318e+02
1.126619999999999891e+03
7.831299999999999955e+02
1.031079999999999927e+03
7.535599999999999454e+02
1.097329999999999927e+03
9.719499999999999318e+02
9.969700000000000273e+02
8.967100000000000364e+02
7.444399999999999409e+02
6.854800000000000182e+02
8.286399999999999864e+02
8.786499999999999773e+02
6.809399999999999409e+02
8.058700000000000045e+02
8.989800000000000182e+02
1.099610000000000127e+03
7.967300000000000182e+02
6.627899999999999636e+02
7.035599999999999454e+02
9.719499999999999318e+02
8.764299999999999500e+02
8.035800000000000409e+02
9.331699999999999591e+02
1.079099999999999909e+03
6.199299999999999500e+02
8.786499999999999773e+02
1.060780000000000200e+03
6.108700000000000045e+02
6.877699999999999818e+02
5.972599999999999909e+02
6.357400000000000091e+02
1.003720000000000027e+03
5.949700000000000273e+02
7.149399999999999409e+02
1.099610000000000127e+03
1.010580000000000041e+03
9.992100000000000364e+02
7.398899999999999864e+02
7.444399999999999409e+02
5.995699999999999363e+02
7.171999999999999318e+02
7.898999999999999773e+02
5.949700000000000273e+02
8.989800000000000182e+02
6.176499999999999773e+02
5.949700000000000273e+02
7.035599999999999454e+02
6.627899999999999636e+02
6.176499999999999773e+02
9.719499999999999318e+02
7.535599999999999454e+02
9.969700000000000273e+02
8.967100000000000364e+02
6.695699999999999363e+02
8.309199999999999591e+02
6.605199999999999818e+02
7.535599999999999454e+02
6.673199999999999363e+02
7.785499999999999545e+02
7.012999999999999545e+02
8.967100000000000364e+02
1.083650000000000091e+03
6.990499999999999545e+02
7.444399999999999409e+02
6.176499999999999773e+02
1.003720000000000027e+03
9.514199999999999591e+02
1.049329999999999927e+03
9.946899999999999409e+02
5.949700000000000273e+02
7.808500000000000227e+02
6.401899999999999409e+02
9.149199999999999591e+02
1.012870000000000005e+03
1.012870000000000005e+03
1.058509999999999764e+03
9.582899999999999636e+02
7.921599999999999682e+02
1.079099999999999909e+03
8.898999999999999773e+02
6.018500000000000227e+02
1.056199999999999818e+03
6.718400000000000318e+02
6.695699999999999363e+02
7.331100000000000136e+02
9.992100000000000364e+02
8.604900000000000091e+02
5.949700000000000273e+02
5.949700000000000273e+02
7.967300000000000182e+02
8.967100000000000364e+02
7.444399999999999409e+02
6.131100000000000136e+02
7.444399999999999409e+02
7.058500000000000227e+02
6.018500000000000227e+02
1.067630000000000109e+03
1.058509999999999764e+03
6.650499999999999545e+02
8.377400000000000091e+02
5.949700000000000273e+02
6.537400000000000091e+02
7.058500000000000227e+02
1.040219999999999800e+03
1.067630000000000109e+03
8.967100000000000364e+02
9.992100000000000364e+02
7.990000000000000000e+02
1.108619999999999891e+03
6.832200000000000273e+02
6.401899999999999409e+02
8.081399999999999864e+02
9.787500000000000000e+02
7.558500000000000227e+02
7.876299999999999955e+02
7.490000000000000000e+02
6.786200000000000045e+02
7.444399999999999409e+02
1.003720000000000027e+03
1.003720000000000027e+03
1.028789999999999964e+03
9.605900000000000318e+02
8.989800000000000182e+02
6.695699999999999363e+02
7.581100000000000136e+02
6.832200000000000273e+02
7.581100000000000136e+02
9.491599999999999682e+02
6.877699999999999818e+02
6.854800000000000182e+02
6.695699999999999363e+02
9.696799999999999500e+02
7.808500000000000227e+02
6.447300000000000182e+02
6.401899999999999409e+02
7.558500000000000227e+02
6.945299999999999727e+02
6.877699999999999818e+02
1.024259999999999764e+03
1.060780000000000200e+03
8.149199999999999591e+02
8.989800000000000182e+02
6.176499999999999773e+02
1.072210000000000036e+03
7.808500000000000227e+02
9.855900000000000318e+02
7.308300000000000409e+02
9.262999999999999545e+02
9.012400000000000091e+02
7.058500000000000227e+02
6.922799999999999727e+02
6.424600000000000364e+02
1.079099999999999909e+03
6.153799999999999955e+02
9.331699999999999591e+02
6.018500000000000227e+02
8.377400000000000091e+02
6.854800000000000182e+02
8.012899999999999636e+02
8.876399999999999864e+02
7.626799999999999500e+02
1.065360000000000127e+03
6.018500000000000227e+02
8.035800000000000409e+02
7.739800000000000182e+02
9.446000000000000227e+02
8.604900000000000091e+02
6.854800000000000182e+02
6.900099999999999909e+02
6.018500000000000227e+02
1.079099999999999909e+03
1.024259999999999764e+03
8.604900000000000091e+02
9.012400000000000091e+02
8.967100000000000364e+02
1.085909999999999854e+03
1.049329999999999927e+03
1.072210000000000036e+03
6.900099999999999909e+02
6.922799999999999727e+02
1.028789999999999964e+03
7.262500000000000000e+02
7.876299999999999955e+02
1.092750000000000000e+03
1.044789999999999964e+03
1.076800000000000182e+03
1.049329999999999927e+03
1.063070000000000164e+03
1.026550000000000182e+03
1.037929999999999836e+03
9.719499999999999318e+02
1.028789999999999964e+03
1.060780000000000200e+03
9.354299999999999500e+02
1.028789999999999964e+03
9.354299999999999500e+02
1.072210000000000036e+03
9.674099999999999682e+02
9.537200000000000273e+02
1.056199999999999818e+03
1.037929999999999836e+03
1.058509999999999764e+03
9.035000000000000000e+02
1.031079999999999927e+03
1.026550000000000182e+03
1.040219999999999800e+03
