100.002357
100.039019
100.944493
100.944946
101.022895
101.034072
101.059171
101.059555
101.060504
102.008217
102.018076
102.026121
102.026725
102.062511
103.002154
103.038447
103.039736
104.023850
104.041862
105.017641
105.044163
105.958852
105.987804
106.019587
106.039274
106.039610
106.059414
106.060179
106.592664
107.023438
107.034679
107.036421
107.042751
107.048744
108.007332
108.018634
108.020084
108.043770
108.055124
109.002693
109.027980
109.039118
110.006063
110.023142
110.031197
110.034350
110.042448
111.007141
111.007640
111.018358
111.018799
111.043324
111.043752
111.054802
112.002367
112.013596
112.038924
112.953399
112.961598
112.962133
112.984140
112.997603
113.005813
113.006559
113.022789
113.034078
113.059215
113.987327
114.018071
114.026147
114.934785
114.988375
115.002235
115.013447
115.015618
115.016047
115.038602
115.040085
115.049834
115.061221
115.061800
115.074854
116.023868
116.033781
116.041851
116.078212
116.927020
116.932930
116.934583
116.970945
117.017790
117.054152
118.003144
118.003591
118.028447
118.039542
118.040053
118.041238
118.662210
118.677375
118.677965
118.944264
118.946059
118.967905
118.981877
118.982642
119.000738
119.008940
119.009541
119.010244
119.012573
119.013948
119.015330
119.016222
119.017553
119.018193
119.018746
119.020092
119.022594
119.033538
119.044241
119.047996
119.048586
119.050013
119.050859
119.052169
119.053644
119.056935
119.057860
119.058406
119.080945
119.084703
119.085354
119.109428
119.120842
119.121369
119.390547
119.391292
119.405745
119.406425
119.945347
120.012559
120.018783
120.019877
120.036898
120.054994
120.060650
120.061420
120.480685
120.647125
120.662578
120.663302
120.844965
120.936277
120.936921
120.937548
120.938080
120.938543
120.950621
120.953376
120.967022
120.974733
120.975444
120.978399
120.994660
121.001409
121.002268
121.002759
121.003250
121.003915
121.004844
121.005850
121.006922
121.008507
121.009045
121.010168
121.011349
121.011902
121.016161
121.016543
121.027744
121.037585
121.038563
121.040042
121.044094
121.044728
121.046032
121.047659
121.049008
121.050191
121.051224
121.051823
121.052637
121.053133
121.053947
121.057759
121.060574
121.076956
121.079504
121.080128
121.080795
121.081506
121.116728
121.117417
121.117857
121.190060
121.394033
121.394637
121.395161
121.410201
121.578425
121.942338
122.006419
122.023253
122.031289
122.034289
122.040659
122.041374
122.042540
122.055580
122.056472
123.007142
123.018386
123.032101
123.034442
123.043512
123.054887
123.900488
124.002530
124.035530
124.046787
124.049712
124.050090
124.982355
124.997760
125.022852
125.034093
125.041601
125.897348
125.898659
125.899208
126.018248
126.029421
126.054369
126.903299
126.999671
127.013447
127.038478
127.048213
127.049736
127.074918
127.895835
127.995037
128.033730
129.017870
129.028990
129.054164
129.090514
129.990010
130.039466
130.049367
130.057528
130.064656
130.093802
130.955706
130.990586
131.033389
131.034884
131.069721
132.018937
132.055196
132.866312
132.944795
132.952836
133.027855
133.039181
133.049039
133.050471
133.058402
133.998101
134.023250
134.034425
134.045641
134.070746
134.863342
134.864800
135.007139
135.018478
135.029793
135.043581
135.066110
135.585300
135.603651
135.931672
135.969459
135.969926
135.975632
135.976328
136.009253
136.009790
136.010727
136.014973
136.025287
136.038841
136.049626
136.050116
136.051712
136.066893
136.067539
136.068478
136.069094
136.101249
136.102037
136.476076
136.494688
136.861601
136.934956
136.989708
137.012430
137.013016
137.022877
137.034049
137.035731
137.042230
137.045558
137.070536
137.071645
137.072139
137.984837
137.989193
138.018140
138.026229
138.029340
138.043084
138.045536
138.065718
138.986358
139.002210
139.013543
139.038479
139.049811
139.074928
140.033727
140.045067
140.984586
141.015487
141.028936
141.045509
141.046746
141.054190
141.065631
141.081879
141.090709
141.476739
141.979970
141.983964
141.984697
142.018799
142.039794
142.049234
142.973719
142.981189
143.013725
143.014668
143.019685
143.033661
143.044764
143.069922
143.106287
143.989988
144.012151
144.039944
144.044064
144.055152
144.073315
144.075107
144.076742
144.109586
144.110019
145.041077
145.047340
145.049071
145.050525
145.075672
145.085621
146.023280
146.025160
146.034441
146.050770
146.053905
146.059704
146.070916
146.078967
146.931887
146.964580
146.966189
146.996657
146.997252
146.998104
147.018528
147.026618
147.029876
147.039620
147.043539
147.066214
147.945128
147.961519
148.013817
148.038994
148.050200
148.052098
148.060045
148.061348
148.905133
148.950996
148.968693
148.997759
149.022953
149.034181
149.043782
149.045564
149.059306
149.081619
149.943266
149.993144
149.995446
150.000414
150.000963
150.029435
150.054570
150.065778
150.074599
150.507823
150.528841
150.529778
150.530497
150.910769
150.912711
150.913582
150.964739
150.965669
150.970424
150.996496
150.999506
151.002886
151.004164
151.004933
151.013606
151.014556
151.038406
151.041706
151.044152
151.049938
151.053354
151.058902
151.059660
151.062237
151.067114
151.068243
151.071499
151.072210
151.072773
151.073468
151.084196
151.107080
151.111189
151.111838
151.113108
151.163230
151.548858
151.550100
151.571683
152.000734
152.007355
152.008218
152.016725
152.033806
152.041887
152.045177
152.070790
152.075525
152.076637
152.077268
153.017706
153.029374
153.042773
153.045088
153.054152
153.074137
153.076233
153.090571
154.013158
154.046050
154.049741
154.060858
154.448970
154.471163
154.472205
154.870336
154.923664
154.946041
154.964626
154.965346
154.966066
155.000311
155.022260
155.025125
155.033260
155.034998
155.035760
155.036617
155.037082
155.044582
155.069722
155.076572
155.077587
155.106119
155.130188
155.130944
155.531267
155.532147
155.554519
155.872639
155.945220
155.963945
155.999851
156.003491
156.036165
156.040074
156.055259
156.942802
156.953400
156.989431
156.997077
157.004416
157.024515
157.026462
157.048858
157.050578
157.060271
157.085513
157.121896
157.974768
157.992716
158.000401
158.003747
158.004374
158.007808
158.022810
158.046014
158.059683
158.070750
158.088866
158.125221
158.910291
158.937576
158.974229
158.987535
159.001802
159.029840
159.039540
159.063039
159.064494
159.066172
159.101079
159.913886
159.963886
159.970422
160.038949
160.050098
160.061385
160.075278
160.909939
160.955233
161.034012
161.045512
161.055350
161.059335
161.078646
161.081795
161.913413
162.014218
162.018101
162.029510
162.054393
162.062682
162.065772
162.077043
162.938489
162.952346
162.980933
163.001999
163.038658
163.061033
163.074931
164.034176
164.045040
164.081467
165.017873
165.039430
165.054095
165.076678
165.977564
166.013159
166.025667
166.049490
166.060900
167.029175
167.033511
167.044864
167.069759
167.876140
168.028820
168.040201
168.093298
168.987930
169.049024
169.060636
169.085547
169.086088
169.121915
169.873403
169.875861
170.059574
170.995178
171.018567
171.064750
171.066353
171.076122
171.101182
171.137617
171.872805
172.038917
172.061470
172.068323
172.069346
172.104582
172.140977
172.914857
172.956552
172.997585
173.023659
173.045491
173.081899
173.116929
173.956086
174.014269
174.054395
174.065653
174.077170
174.953356
174.960645
175.061299
175.096271
175.979857
176.045248
176.056458
176.070364
176.841955
177.038977
177.040516
177.054298
177.075264
177.076772
177.090637
178.049499
178.060832
178.094099
178.839149
178.841603
179.033822
179.056066
179.064150
179.069931
180.020665
180.028909
180.040180
180.065416
180.076489
180.838659
180.988301
181.004589
181.023946
181.049370
181.072074
181.085486
181.095144
182.052612
182.055856
182.089028
182.987176
183.003467
183.053566
183.055993
183.064765
183.066270
183.076263
183.101263
183.137721
184.023749
184.061581
185.007843
185.010858
185.041927
185.045536
185.055599
185.080532
185.081884
185.116928
185.153341
186.054729
186.077139
186.084794
186.120407
186.156807
187.015338
187.038746
187.045902
187.061202
187.071908
187.075184
187.096270
187.132667
188.016289
188.033845
188.056439
188.070440
188.092895
189.012480
189.015666
189.040364
189.073564
189.076721
189.111955
190.049673
190.060815
190.072012
190.085921
191.054937
191.056099
191.070112
191.092771
191.106385
192.040209
192.065376
192.076536
193.020274
193.049295
193.071822
193.079914
193.085715
193.107004
194.052652
194.055831
194.080953
194.092305
194.904523
194.981762
194.987261
195.051184
195.064968
195.086061
195.101226
196.023756
196.061461
196.071474
196.978594
197.011027
197.019193
197.044259
197.059352
197.080803
197.083959
197.116959
197.153423
197.961857
197.990547
198.077146
198.090984
199.026644
199.060859
199.075226
199.096297
199.132660
199.168967
200.018847
200.056469
200.092999
200.172448
201.024287
201.075608
201.077096
201.102023
201.111837
201.148300
202.049768
202.072109
202.086019
202.986308
203.031279
203.033662
203.052918
203.054769
203.055914
203.089187
203.091943
203.102581
203.127645
203.128276
204.065403
204.087714
205.071773
206.067062
207.010847
207.035892
207.039769
207.065265
207.087799
207.137818
208.031073
208.043255
208.060417
208.063570
208.071479
208.117688
208.878412
208.933373
208.972112
209.003059
209.066839
209.080617
209.083966
209.932858
210.077185
210.087215
210.112326
210.930319
210.937546
210.998456
211.059980
211.096345
211.132593
211.169041
211.929989
212.063264
212.066383
212.070396
212.092857
212.927296
212.977968
213.014036
213.054371
213.075944
213.088133
213.112085
213.148363
213.184751
213.981255
214.002848
214.017454
214.034422
214.049557
214.057772
214.072069
214.108218
214.188151
214.967078
214.999234
215.008516
215.022013
215.037956
215.055749
215.091148
215.127623
215.809957
216.002577
216.012064
216.065357
216.070386
216.087774
216.089202
216.808653
217.001822
217.068494
217.070696
217.072044
217.106952
217.143229
217.810292
218.005166
218.067010
218.081034
218.146680
218.805772
218.809417
218.962132
218.984867
219.029750
219.087441
219.101393
219.174128
220.060253
220.096752
220.806303
220.810632
220.994806
221.065484
221.080870
221.117165
221.804508
222.075814
222.091329
222.883461
223.018824
223.027117
223.072660
223.082111
223.132787
224.022204
224.055357
225.032655
225.060758
225.076099
225.088297
225.112253
225.148637
225.184646
225.925406
225.993250
226.009393
226.060476
226.072182
226.086271
227.013686
227.054744
227.070303
227.091671
227.104136
227.121684
227.127824
227.164138
227.200497
228.065556
228.087807
228.203975
229.014894
229.071909
229.085842
229.107063
229.939858
230.067426
230.102088
230.103290
230.915967
230.984931
231.047545
231.050236
231.087178
231.112985
231.122684
231.159147
231.176655
231.178547
231.942513
231.977352
232.057010
232.082921
232.109995
232.116152
232.126055
232.912680
232.923612
232.978054
233.041960
233.045227
233.102980
233.119560
233.153597
233.923102
233.977627
233.981430
234.044861
234.048572
234.076070
234.157063
234.920304
234.928044
234.974639
234.982187
235.021040
235.041870
235.079858
235.132922
235.884923
235.886309
235.920209
235.952683
235.978135
236.019142
236.020828
236.024150
236.952111
236.956449
236.970044
236.979190
236.991012
237.003681
237.088393
237.112536
237.148649
237.949333
237.956531
238.009725
238.071125
238.948964
238.956524
238.967777
238.992835
239.058634
239.066385
239.091573
239.103936
239.127696
239.157667
239.163959
239.200552
239.996109
240.101878
241.045554
241.049377
241.071062
241.083216
241.105257
241.107117
241.179846
241.216281
241.964259
241.965118
241.967404
241.991241
241.993684
241.994552
242.034652
242.044798
242.053229
242.103361
242.105734
242.175088
242.219882
242.880530
242.960008
242.961285
242.963758
242.984541
242.994949
243.008777
243.023918
243.030990
243.052619
243.065338
243.098850
243.102596
243.103439
243.122827
243.159236
243.180175
243.827836
243.898449
244.000432
244.034201
244.068562
244.074166
244.083134
244.984290
245.034713
245.068945
245.071936
245.078137
245.080865
245.102162
245.137974
245.174636
245.828619
245.893830
245.934802
245.982744
246.038314
246.098688
246.957337
247.042845
247.117447
248.042525
248.046606
248.079025
248.091749
248.580574
248.959420
248.972239
248.979666
249.039851
249.095269
249.148413
249.151974
250.042078
250.071283
250.143864
251.070348
251.127806
252.073695
252.122910
252.977917
253.083495
253.119770
253.143620
253.216498
254.011819
254.117699
254.960006
255.099004
255.195791
255.231998
255.959810
256.235285
256.956851
257.078521
257.102218
257.174784
257.238586
258.037471
258.076210
258.098640
259.019107
259.023657
259.060504
259.081167
259.117904
259.190551
260.070669
260.972849
260.995685
261.097052
261.133441
261.148960
262.086670
262.107459
262.163976
262.975017
262.988659
263.089757
263.111080
263.127838
264.018889
264.072457
264.086831
264.093169
264.159514
264.968047
265.015187
265.031989
265.045684
265.075603
265.097257
265.147063
266.018567
266.035389
266.049250
266.068052
266.081444
266.100419
266.150651
267.046971
267.084650
267.089573
267.122902
267.142539
267.944382
268.028061
268.096936
268.139360
268.900557
268.941267
268.982269
269.102264
269.138435
269.185999
269.211436
269.247939
269.899982
270.065639
270.101013
270.214670
270.897531
270.934127
270.941371
271.053741
271.062218
271.114015
271.117945
271.154189
271.226849
272.044921
272.065608
272.113704
273.041402
273.060637
273.075990
273.109038
273.133564
273.206252
273.968430
274.079309
274.201293
274.879524
275.127856
276.078398
276.990860
277.004163
277.107064
277.118548
277.143842
278.110184
279.042450
279.061355
279.163012
279.231949
280.064467
280.067961
281.138562
281.247679
282.044723
282.251139
283.019752
283.041101
283.047340
283.096312
283.109404
283.136460
283.154436
283.201778
283.263329
284.044378
284.204980
284.266651
285.034940
285.072106
285.133758
285.169808
285.184727
285.206325
286.176472
286.911084
286.949934
287.082016
287.142631
287.149099
287.221822
287.910620
287.949894
287.993370
288.107767
288.145779
288.897936
288.908127
288.915099
289.034500
289.071160
289.097440
289.107369
289.128771
289.907637
290.066216
290.067276
290.882454
290.905104
290.936853
291.113126
291.134277
292.082013
292.137539
292.190932
292.890575
292.944986
293.048424
293.102539
293.174948
293.890208
293.944573
293.945538
294.087557
294.108454
294.178240
294.887240
294.941694
294.981328
295.060847
295.107882
295.154175
295.190011
295.919423
296.091806
296.919068
297.060540
297.095558
297.133277
297.151921
297.169641
297.242574
297.278755
297.916040
298.063038
298.086286
298.155264
298.942097
299.005203
299.066493
299.076469
299.149041
299.164320
299.178967
300.060103
300.123141
300.182195
301.073101
301.126462
301.128455
301.164509
301.179922
301.237329
302.057748
302.153543
303.029730
303.050101
303.086587
303.097535
303.144169
304.026150
304.032778
304.089852
305.022246
305.029547
305.081213
305.090864
305.092354
305.101659
305.122343
305.159735
306.025275
306.060975
306.094645
307.021375
307.064336
307.108334
307.996510
308.063343
308.068518
308.076917
308.092171
309.000351
309.040193
309.043331
309.061185
309.068410
309.144740
309.169564
310.038585
310.901241
310.955572
311.037864
311.149179
311.167895
311.186053
311.294588
311.900731
311.955091
312.017695
312.035285
312.171006
312.898086
312.905153
312.952382
312.959877
312.972026
313.077674
313.107412
313.128329
313.164404
313.179950
313.897709
313.930177
314.105795
314.139071
314.183505
314.902397
314.926720
314.929836
314.981265
315.143524
315.195396
315.253071
315.926700
315.927710
315.934277
315.980491
316.042742
316.198674
316.256440
316.925762
316.977831
317.122897
317.159696
317.195821
318.118339
320.097293
320.996310
321.017016
321.061885
321.169382
322.107677
323.111000
323.149186
324.086587
324.114668
325.011771
325.082234
325.128307
325.165098
325.183304
326.085437
326.102312
326.164840
326.186961
327.088803
327.105627
327.143849
327.159182
327.161140
327.170481
327.179981
327.986518
328.050232
328.093142
328.118108
328.163061
328.164327
329.046177
329.076894
329.134460
329.159727
329.174806
329.268899
330.045536
330.049937
330.058496
330.080529
330.133362
330.178346
330.900899
330.955279
331.042993
331.190664
332.192616
332.883013
332.978226
333.107895
333.227289
334.049379
334.082462
335.014995
335.050227
336.897456
336.963314
337.140556
337.164814
338.086732
339.027476
339.143867
339.180077
339.198902
340.102594
340.202340
340.965983
341.159569
341.174193
342.002037
342.944956
343.117732
343.174959
343.284371
343.994000
344.133648
344.287879
344.978173
345.169656
345.206128
346.092423
346.131873
346.209586
346.877774
347.150024
347.185292
347.877267
348.874594
349.164924
350.077312
350.138181
350.849104
351.142808
351.180721
351.219700
351.945519
352.211952
352.856531
352.936957
353.119357
353.159411
354.981912
355.175253
356.170392
357.082753
357.184634
357.191654
358.149702
358.994478
359.185403
360.159088
360.170134
360.188646
361.035921
361.164523
361.166476
361.200722
362.113717
362.169718
362.968557
363.180470
364.887995
364.926927
365.022231
365.025611
365.196161
365.265679
365.887469
366.885083
366.891388
367.157337
367.174829
367.211396
367.884874
368.087635
368.097336
368.160997
368.859628
368.882061
368.975377
369.060510
369.190235
370.867688
370.921915
371.096857
371.169859
371.867160
371.921435
372.822135
372.864535
372.871577
372.919084
373.864058
373.896580
374.243700
374.326542
374.893392
374.947699
375.051370
375.145688
375.247135
375.893068
376.079214
376.093071
376.967387
377.082059
377.088416
377.158535
377.161196
377.196341
379.174829
379.211364
379.251174
381.182872
381.190696
381.226280
382.028796
382.149575
382.186063
382.193883
382.898642
383.179681
383.206361
384.895620
384.987228
386.036868
387.002451
387.025051
387.082344
388.015523
388.028352
388.083474
388.211732
388.932496
389.067163
389.113319
389.195679
389.232343
389.289444
389.308411
389.932941
390.066832
390.070031
390.116606
390.235696
390.238390
391.020212
391.063959
391.070735
391.128988
391.140598
391.211617
391.907350
392.041644
392.132359
392.214746
392.849883
392.904310
392.958603
393.040447
393.190488
393.903768
393.910990
394.038074
394.901601
394.974461
395.161774
395.170065
395.206295
396.165182
396.929584
396.984061
397.158883
397.168057
397.177550
397.185595
398.162307
398.181136
399.174131
399.192692
399.201277
400.159686
401.097806
402.175754
402.191022
402.998938
403.064748
403.211562
404.101776
404.134127
405.078022
405.098527
405.108178
405.190879
405.227075
405.380983
406.134174
406.193837
406.230418
407.023473
407.123993
407.206292
407.233410
407.263909
408.165366
408.201648
408.234957
408.877655
408.932330
409.186246
409.205002
409.222730
410.180440
410.207678
410.220317
411.201270
411.981310
412.160210
412.196269
412.204507
412.217264
412.823034
412.903521
412.957768
412.965398
412.984679
413.180425
413.217259
414.175789
414.886452
415.104243
415.177047
415.195863
415.305246
417.154331
417.190636
417.320810
418.157659
418.965912
419.047121
419.206413
419.362634
420.128756
420.165509
420.209879
420.249246
420.963757
421.169039
421.212890
421.222044
422.019851
422.180949
422.225265
422.960743
423.184337
423.201460
423.227897
423.237567
424.186802
424.196376
424.241096
424.854866
425.134537
425.199469
425.216743
426.175790
426.202344
426.212012
427.052417
427.195971
427.215313
428.872223
429.049415
430.170153
430.834060
430.869181
431.046710
431.833580
432.831307
432.971638
433.043959
434.264851
434.859944
435.201187
435.268217
435.859637
436.270868
436.272432
436.856592
437.216016
437.239450
437.834743
438.242784
439.195861
440.154803
441.212432
442.170428
442.865298
442.904373
443.038510
443.864835
444.862177
445.185619
445.198314
445.221969
446.189175
447.191796
447.237540
447.982431
448.159782
448.844745
449.172299
449.207032
449.844459
450.833595
450.841990
451.841399
451.873525
452.108745
452.870693
452.925103
453.111777
453.211350
453.870314
453.924357
454.124582
454.924021
455.172064
458.164893
459.199023
459.201116
460.195929
461.216800
461.978299
462.220374
462.962198
463.011047
463.232588
464.190940
464.235440
466.207197
466.989701
467.043756
467.242236
468.245982
468.844420
468.898673
469.027657
469.160210
469.884024
470.018487
470.826289
470.883495
470.935682
471.019007
471.880877
472.002579
472.180549
473.177510
473.216761
474.181740
474.220192
474.852681
474.906465
475.223001
476.191265
481.221696
482.225023
482.253013
483.175994
483.228046
483.237449
485.067189
486.066423
486.896431
487.230023
488.233523
488.236337
488.893253
489.240312
490.258723
490.800154
490.880805
490.890631
492.887559
492.991886
494.826824
496.232286
497.128896
497.165909
497.235443
497.252974
498.256334
501.209825
501.215075
502.832266
508.811280
509.810900
510.808261
511.232072
511.806940
512.235496
512.836703
512.891290
513.781187
513.836582
514.834054
520.841612
522.001341
528.811212
529.985364
530.848022
531.847370
533.149998
534.873301
547.861275
550.767496
551.030635
551.766565
552.764374
557.149397
565.333342
569.126223
571.020712
572.803653
573.803026
574.800548
588.777420
590.814236
594.841446
610.788943
621.749917
628.744289
628.799428
629.744235
632.770627
632.825149
633.033153
640.732938
641.088767
643.085869
650.780632
651.780770
654.807127
666.754924
670.781566
688.712474
705.398942
710.748238
719.377685
720.381522
727.396313
741.375148
755.354563
756.357869
757.350621
758.355490
765.421324
782.374142
783.376898
784.378489
797.110385
839.119092
