6.118300000000000409e+02
6.838999999999999773e+02
6.545900000000000318e+02
8.830499999999999545e+02
1.119890000000000100e+03
6.838999999999999773e+02
6.118300000000000409e+02
8.241100000000000136e+02
7.358799999999999955e+02
7.493600000000000136e+02
6.974099999999999682e+02
6.771799999999999500e+02
1.131150000000000091e+03
7.515900000000000318e+02
9.992100000000000364e+02
1.135609999999999900e+03
6.590900000000000318e+02
9.924900000000000091e+02
7.991000000000000227e+02
1.131150000000000091e+03
1.104130000000000109e+03
6.726799999999999500e+02
1.124430000000000064e+03
1.131150000000000091e+03
8.194900000000000091e+02
1.063109999999999900e+03
6.658600000000000136e+02
6.275900000000000318e+02
6.951499999999999773e+02
7.404099999999999682e+02
6.771799999999999500e+02
5.960900000000000318e+02
8.104600000000000364e+02
8.241100000000000136e+02
9.034800000000000182e+02
6.703899999999999864e+02
6.613600000000000136e+02
9.992100000000000364e+02
1.076829999999999927e+03
6.343400000000000318e+02
1.010559999999999945e+03
1.006000000000000000e+03
1.081420000000000073e+03
1.031099999999999909e+03
6.545900000000000318e+02
1.092710000000000036e+03
6.118300000000000409e+02
1.131150000000000091e+03
8.241100000000000136e+02
6.951499999999999773e+02
6.816399999999999864e+02
8.241100000000000136e+02
9.741900000000000546e+02
9.491299999999999955e+02
8.241100000000000136e+02
7.358799999999999955e+02
1.128940000000000055e+03
1.104130000000000109e+03
1.104130000000000109e+03
7.493600000000000136e+02
9.992100000000000364e+02
6.794199999999999591e+02
9.992100000000000364e+02
9.194600000000000364e+02
1.131150000000000091e+03
7.833099999999999454e+02
5.960900000000000318e+02
5.960900000000000318e+02
6.838999999999999773e+02
6.029400000000000546e+02
6.794199999999999591e+02
8.763899999999999864e+02
5.960900000000000318e+02
6.545900000000000318e+02
8.604299999999999500e+02
7.515900000000000318e+02
8.104600000000000364e+02
6.974099999999999682e+02
1.024250000000000000e+03
8.241100000000000136e+02
6.838999999999999773e+02
6.118300000000000409e+02
1.042519999999999982e+03
5.960900000000000318e+02
6.749500000000000455e+02
1.063109999999999900e+03
6.794199999999999591e+02
6.118300000000000409e+02
1.067650000000000091e+03
5.960900000000000318e+02
8.966799999999999500e+02
8.241100000000000136e+02
5.983600000000000136e+02
8.104600000000000364e+02
8.309099999999999682e+02
6.051699999999999591e+02
8.194900000000000091e+02
6.658600000000000136e+02
7.155099999999999909e+02
1.006000000000000000e+03
9.787599999999999909e+02
6.816399999999999864e+02
6.749500000000000455e+02
8.741599999999999682e+02
1.031099999999999909e+03
7.041599999999999682e+02
6.073899999999999864e+02
6.118300000000000409e+02
6.411299999999999955e+02
8.944400000000000546e+02
9.992100000000000364e+02
1.106400000000000091e+03
7.493600000000000136e+02
1.115400000000000091e+03
1.135609999999999900e+03
5.960900000000000318e+02
1.006000000000000000e+03
8.921699999999999591e+02
9.992100000000000364e+02
1.135609999999999900e+03
6.613600000000000136e+02
6.838999999999999773e+02
7.833099999999999454e+02
1.067650000000000091e+03
6.613600000000000136e+02
5.960900000000000318e+02
1.079140000000000100e+03
1.106400000000000091e+03
8.241100000000000136e+02
9.559700000000000273e+02
1.074549999999999955e+03
1.131150000000000091e+03
7.041599999999999682e+02
7.493600000000000136e+02
1.101849999999999909e+03
6.051699999999999591e+02
1.006000000000000000e+03
8.241100000000000136e+02
5.960900000000000318e+02
1.106400000000000091e+03
1.031099999999999909e+03
7.358799999999999955e+02
1.128940000000000055e+03
1.006000000000000000e+03
1.135609999999999900e+03
9.992100000000000364e+02
8.104600000000000364e+02
6.433700000000000045e+02
9.012200000000000273e+02
7.493600000000000136e+02
6.545900000000000318e+02
8.149700000000000273e+02
1.010559999999999945e+03
9.012200000000000273e+02
9.012200000000000273e+02
1.128940000000000055e+03
1.115400000000000091e+03
9.741900000000000546e+02
8.082000000000000455e+02
6.118300000000000409e+02
6.118300000000000409e+02
6.051699999999999591e+02
7.358799999999999955e+02
5.960900000000000318e+02
7.493600000000000136e+02
1.063109999999999900e+03
1.131150000000000091e+03
1.040250000000000000e+03
1.135609999999999900e+03
9.285599999999999454e+02
6.771799999999999500e+02
7.493600000000000136e+02
1.128940000000000055e+03
6.545900000000000318e+02
8.241100000000000136e+02
6.771799999999999500e+02
8.241100000000000136e+02
6.771799999999999500e+02
9.034800000000000182e+02
1.053970000000000027e+03
8.194900000000000091e+02
7.515900000000000318e+02
6.208700000000000045e+02
6.816399999999999864e+02
9.741900000000000546e+02
1.119890000000000100e+03
6.029400000000000546e+02
1.128940000000000055e+03
8.830499999999999545e+02
1.006000000000000000e+03
6.794199999999999591e+02
7.155099999999999909e+02
8.399099999999999682e+02
1.067650000000000091e+03
9.992100000000000364e+02
8.104600000000000364e+02
9.879400000000000546e+02
1.099559999999999945e+03
7.833099999999999454e+02
1.113140000000000100e+03
1.053970000000000027e+03
5.960900000000000318e+02
8.876000000000000227e+02
8.921699999999999591e+02
5.960900000000000318e+02
1.006000000000000000e+03
1.135609999999999900e+03
1.135609999999999900e+03
1.015159999999999968e+03
6.118300000000000409e+02
5.960900000000000318e+02
9.787599999999999909e+02
1.106400000000000091e+03
1.128940000000000055e+03
8.921699999999999591e+02
1.131150000000000091e+03
8.649800000000000182e+02
1.092710000000000036e+03
6.703899999999999864e+02
6.118300000000000409e+02
1.135609999999999900e+03
9.491299999999999955e+02
9.787599999999999909e+02
9.446100000000000136e+02
6.771799999999999500e+02
7.515900000000000318e+02
9.947200000000000273e+02
6.838999999999999773e+02
7.358799999999999955e+02
1.128940000000000055e+03
9.194600000000000364e+02
8.513999999999999773e+02
5.960900000000000318e+02
8.194900000000000091e+02
6.996299999999999955e+02
1.006000000000000000e+03
1.067650000000000091e+03
1.074549999999999955e+03
6.118300000000000409e+02
5.960900000000000318e+02
1.106400000000000091e+03
8.241100000000000136e+02
5.960900000000000318e+02
6.051699999999999591e+02
1.031099999999999909e+03
5.960900000000000318e+02
8.513999999999999773e+02
9.992100000000000364e+02
8.399099999999999682e+02
8.058999999999999773e+02
6.096200000000000045e+02
6.118300000000000409e+02
7.991000000000000227e+02
8.104600000000000364e+02
1.079140000000000100e+03
1.135609999999999900e+03
1.063109999999999900e+03
6.703899999999999864e+02
8.626900000000000546e+02
1.074549999999999955e+03
9.079900000000000091e+02
8.241100000000000136e+02
6.275900000000000318e+02
1.031099999999999909e+03
9.697100000000000364e+02
1.074549999999999955e+03
1.101849999999999909e+03
8.399099999999999682e+02
8.036399999999999864e+02
6.411299999999999955e+02
9.194600000000000364e+02
1.124430000000000064e+03
1.135609999999999900e+03
7.764900000000000091e+02
9.446100000000000136e+02
8.241100000000000136e+02
9.012200000000000273e+02
8.830499999999999545e+02
1.131150000000000091e+03
1.063109999999999900e+03
8.331499999999999773e+02
6.974099999999999682e+02
9.012200000000000273e+02
8.989800000000000182e+02
1.101849999999999909e+03
8.104600000000000364e+02
1.010559999999999945e+03
5.960900000000000318e+02
6.703899999999999864e+02
7.041599999999999682e+02
1.108619999999999891e+03
7.358799999999999955e+02
1.031099999999999909e+03
1.003750000000000000e+03
1.113140000000000100e+03
8.241100000000000136e+02
9.513799999999999955e+02
8.830499999999999545e+02
7.515900000000000318e+02
1.038000000000000000e+03
1.063109999999999900e+03
9.969700000000000273e+02
6.073899999999999864e+02
1.053970000000000027e+03
5.960900000000000318e+02
8.830499999999999545e+02
8.241100000000000136e+02
5.960900000000000318e+02
6.545900000000000318e+02
8.989800000000000182e+02
6.545900000000000318e+02
6.118300000000000409e+02
9.992100000000000364e+02
6.478899999999999864e+02
6.433700000000000045e+02
7.515900000000000318e+02
1.031099999999999909e+03
1.135609999999999900e+03
9.354199999999999591e+02
6.545900000000000318e+02
6.906299999999999955e+02
1.128940000000000055e+03
1.115400000000000091e+03
6.838999999999999773e+02
5.983600000000000136e+02
1.053970000000000027e+03
1.040250000000000000e+03
6.006499999999999773e+02
1.115400000000000091e+03
8.104600000000000364e+02
6.974099999999999682e+02
6.590900000000000318e+02
8.741599999999999682e+02
8.604299999999999500e+02
5.960900000000000318e+02
1.110900000000000091e+03
6.613600000000000136e+02
1.006000000000000000e+03
9.741900000000000546e+02
7.064400000000000546e+02
5.960900000000000318e+02
9.992100000000000364e+02
9.992100000000000364e+02
1.003750000000000000e+03
9.491299999999999955e+02
8.830499999999999545e+02
1.031099999999999909e+03
8.966799999999999500e+02
9.741900000000000546e+02
1.038000000000000000e+03
6.140900000000000318e+02
1.010559999999999945e+03
8.626900000000000546e+02
8.104600000000000364e+02
8.830499999999999545e+02
9.079900000000000091e+02
1.006000000000000000e+03
8.241100000000000136e+02
6.298500000000000227e+02
9.034800000000000182e+02
8.241100000000000136e+02
7.493600000000000136e+02
1.053970000000000027e+03
6.816399999999999864e+02
9.992100000000000364e+02
8.127000000000000455e+02
9.034800000000000182e+02
7.018999999999999773e+02
1.006000000000000000e+03
6.029400000000000546e+02
1.101849999999999909e+03
6.726799999999999500e+02
1.006000000000000000e+03
6.545900000000000318e+02
1.063109999999999900e+03
1.010559999999999945e+03
9.446100000000000136e+02
8.241100000000000136e+02
8.241100000000000136e+02
7.471699999999999591e+02
8.013700000000000045e+02
1.092710000000000036e+03
8.786599999999999682e+02
7.358799999999999955e+02
7.381399999999999864e+02
1.106400000000000091e+03
1.135609999999999900e+03
1.060869999999999891e+03
1.079140000000000100e+03
1.095009999999999991e+03
9.194600000000000364e+02
6.838999999999999773e+02
9.992100000000000364e+02
6.118300000000000409e+02
1.135609999999999900e+03
7.537999999999999545e+02
7.471699999999999591e+02
6.118300000000000409e+02
8.082000000000000455e+02
6.051699999999999591e+02
1.135609999999999900e+03
8.241100000000000136e+02
7.764900000000000091e+02
6.388500000000000227e+02
1.135609999999999900e+03
1.090440000000000055e+03
1.010559999999999945e+03
1.063109999999999900e+03
1.122160000000000082e+03
1.085910000000000082e+03
8.127000000000000455e+02
1.113140000000000100e+03
5.960900000000000318e+02
9.992100000000000364e+02
1.063109999999999900e+03
8.763899999999999864e+02
8.127000000000000455e+02
6.478899999999999864e+02
9.787599999999999909e+02
7.493600000000000136e+02
8.241100000000000136e+02
1.128940000000000055e+03
7.358799999999999955e+02
9.034800000000000182e+02
1.124430000000000064e+03
1.115400000000000091e+03
6.118300000000000409e+02
7.381399999999999864e+02
8.263700000000000045e+02
7.991000000000000227e+02
5.960900000000000318e+02
9.992100000000000364e+02
8.036399999999999864e+02
7.923700000000000045e+02
8.966799999999999500e+02
1.119890000000000100e+03
7.493600000000000136e+02
1.131150000000000091e+03
6.771799999999999500e+02
9.992100000000000364e+02
8.104600000000000364e+02
6.613600000000000136e+02
6.118300000000000409e+02
7.493600000000000136e+02
5.960900000000000318e+02
8.104600000000000364e+02
7.087200000000000273e+02
8.241100000000000136e+02
1.135609999999999900e+03
5.960900000000000318e+02
9.741900000000000546e+02
5.960900000000000318e+02
1.131150000000000091e+03
9.012200000000000273e+02
9.034800000000000182e+02
1.106400000000000091e+03
8.399099999999999682e+02
1.128940000000000055e+03
9.833500000000000227e+02
8.241100000000000136e+02
1.128940000000000055e+03
7.018999999999999773e+02
6.545900000000000318e+02
1.131150000000000091e+03
8.695900000000000318e+02
6.613600000000000136e+02
7.493600000000000136e+02
8.013700000000000045e+02
6.140900000000000318e+02
8.241100000000000136e+02
6.343400000000000318e+02
8.263700000000000045e+02
9.491299999999999955e+02
8.194900000000000091e+02
1.079140000000000100e+03
1.026559999999999945e+03
6.703899999999999864e+02
7.764900000000000091e+02
8.058999999999999773e+02
1.010559999999999945e+03
9.924900000000000091e+02
6.771799999999999500e+02
7.515900000000000318e+02
5.960900000000000318e+02
1.128940000000000055e+03
9.468899999999999864e+02
1.128940000000000055e+03
1.131150000000000091e+03
1.119890000000000100e+03
5.960900000000000318e+02
6.568700000000000045e+02
6.816399999999999864e+02
1.047119999999999891e+03
1.106400000000000091e+03
1.135609999999999900e+03
5.960900000000000318e+02
8.626900000000000546e+02
6.883799999999999955e+02
6.636299999999999955e+02
7.177899999999999636e+02
6.568700000000000045e+02
8.241100000000000136e+02
1.092710000000000036e+03
6.275900000000000318e+02
1.063109999999999900e+03
6.545900000000000318e+02
1.106400000000000091e+03
6.163400000000000318e+02
8.741599999999999682e+02
6.658600000000000136e+02
6.726799999999999500e+02
7.764900000000000091e+02
9.491299999999999955e+02
1.131150000000000091e+03
8.241100000000000136e+02
1.006000000000000000e+03
6.568700000000000045e+02
1.040250000000000000e+03
9.719400000000000546e+02
6.029400000000000546e+02
1.135609999999999900e+03
8.399099999999999682e+02
1.033400000000000091e+03
6.749500000000000455e+02
1.131150000000000091e+03
6.478899999999999864e+02
6.838999999999999773e+02
1.115400000000000091e+03
6.568700000000000045e+02
8.058999999999999773e+02
1.063109999999999900e+03
6.388500000000000227e+02
1.040250000000000000e+03
7.109900000000000091e+02
6.861299999999999955e+02
8.331499999999999773e+02
9.194600000000000364e+02
9.034800000000000182e+02
9.012200000000000273e+02
1.135609999999999900e+03
7.358799999999999955e+02
7.493600000000000136e+02
1.006000000000000000e+03
5.960900000000000318e+02
7.132400000000000091e+02
7.856000000000000227e+02
6.726799999999999500e+02
8.127000000000000455e+02
5.960900000000000318e+02
1.063109999999999900e+03
7.493600000000000136e+02
8.082000000000000455e+02
1.128940000000000055e+03
1.092710000000000036e+03
8.241100000000000136e+02
6.613600000000000136e+02
7.764900000000000091e+02
6.006499999999999773e+02
8.898899999999999864e+02
8.286299999999999955e+02
7.177899999999999636e+02
7.991000000000000227e+02
1.010559999999999945e+03
9.377200000000000273e+02
5.960900000000000318e+02
1.031099999999999909e+03
8.263700000000000045e+02
8.263700000000000045e+02
6.996299999999999955e+02
5.960900000000000318e+02
8.309099999999999682e+02
1.079140000000000100e+03
8.082000000000000455e+02
8.263700000000000045e+02
1.072259999999999991e+03
9.992100000000000364e+02
1.044829999999999927e+03
8.604299999999999500e+02
1.101849999999999909e+03
6.163400000000000318e+02
7.493600000000000136e+02
8.194900000000000091e+02
9.879400000000000546e+02
6.816399999999999864e+02
8.944400000000000546e+02
9.924900000000000091e+02
6.118300000000000409e+02
8.921699999999999591e+02
6.658600000000000136e+02
7.515900000000000318e+02
6.208700000000000045e+02
6.118300000000000409e+02
8.241100000000000136e+02
9.992100000000000364e+02
1.126680000000000064e+03
6.073899999999999864e+02
8.172100000000000364e+02
6.163400000000000318e+02
1.067650000000000091e+03
9.697100000000000364e+02
6.568700000000000045e+02
7.810399999999999636e+02
9.902300000000000182e+02
1.074549999999999955e+03
8.241100000000000136e+02
6.658600000000000136e+02
1.115400000000000091e+03
8.921699999999999591e+02
9.034800000000000182e+02
1.135609999999999900e+03
7.493600000000000136e+02
6.545900000000000318e+02
1.124430000000000064e+03
6.118300000000000409e+02
1.006000000000000000e+03
6.613600000000000136e+02
8.966799999999999500e+02
6.590900000000000318e+02
8.741599999999999682e+02
1.074549999999999955e+03
1.113140000000000100e+03
1.135609999999999900e+03
1.081420000000000073e+03
7.358799999999999955e+02
7.856000000000000227e+02
1.010559999999999945e+03
8.104600000000000364e+02
7.764900000000000091e+02
1.074549999999999955e+03
1.133369999999999891e+03
8.082000000000000455e+02
1.101849999999999909e+03
9.697100000000000364e+02
7.132400000000000091e+02
1.024250000000000000e+03
1.010559999999999945e+03
9.446100000000000136e+02
1.079140000000000100e+03
6.658600000000000136e+02
9.992100000000000364e+02
6.029400000000000546e+02
1.131150000000000091e+03
8.263700000000000045e+02
7.041599999999999682e+02
8.286299999999999955e+02
9.992100000000000364e+02
1.006000000000000000e+03
1.074549999999999955e+03
8.104600000000000364e+02
6.118300000000000409e+02
1.040250000000000000e+03
9.969700000000000273e+02
6.703899999999999864e+02
8.241100000000000136e+02
1.119890000000000100e+03
1.101849999999999909e+03
8.241100000000000136e+02
1.133369999999999891e+03
8.604299999999999500e+02
8.966799999999999500e+02
1.063109999999999900e+03
8.241100000000000136e+02
1.131150000000000091e+03
8.626900000000000546e+02
1.038000000000000000e+03
9.992100000000000364e+02
9.012200000000000273e+02
9.034800000000000182e+02
1.079140000000000100e+03
8.741599999999999682e+02
7.537999999999999545e+02
9.992100000000000364e+02
1.131150000000000091e+03
1.067650000000000091e+03
1.024250000000000000e+03
7.336399999999999864e+02
9.468899999999999864e+02
6.726799999999999500e+02
6.636299999999999955e+02
7.358799999999999955e+02
9.992100000000000364e+02
8.989800000000000182e+02
6.771799999999999500e+02
9.012200000000000273e+02
1.106400000000000091e+03
1.003750000000000000e+03
6.861299999999999955e+02
9.992100000000000364e+02
7.041599999999999682e+02
1.065390000000000100e+03
1.108619999999999891e+03
6.051699999999999591e+02
1.031099999999999909e+03
1.063109999999999900e+03
8.626900000000000546e+02
9.719400000000000546e+02
1.101849999999999909e+03
6.545900000000000318e+02
6.590900000000000318e+02
1.135609999999999900e+03
8.241100000000000136e+02
1.031099999999999909e+03
1.010559999999999945e+03
1.001480000000000018e+03
1.135609999999999900e+03
6.703899999999999864e+02
1.028819999999999936e+03
7.200499999999999545e+02
8.241100000000000136e+02
8.763899999999999864e+02
1.047119999999999891e+03
8.127000000000000455e+02
7.515900000000000318e+02
1.131150000000000091e+03
1.001480000000000018e+03
1.122160000000000082e+03
6.794199999999999591e+02
1.067650000000000091e+03
9.902300000000000182e+02
9.879400000000000546e+02
6.568700000000000045e+02
8.241100000000000136e+02
1.042519999999999982e+03
6.545900000000000318e+02
9.697100000000000364e+02
1.135609999999999900e+03
6.118300000000000409e+02
8.263700000000000045e+02
1.001480000000000018e+03
7.856000000000000227e+02
9.992100000000000364e+02
9.879400000000000546e+02
1.076829999999999927e+03
8.966799999999999500e+02
1.128940000000000055e+03
9.992100000000000364e+02
8.241100000000000136e+02
6.118300000000000409e+02
8.241100000000000136e+02
9.992100000000000364e+02
1.053970000000000027e+03
8.513999999999999773e+02
6.681299999999999955e+02
6.590900000000000318e+02
1.015159999999999968e+03
6.433700000000000045e+02
9.354199999999999591e+02
1.008259999999999991e+03
9.012200000000000273e+02
1.067650000000000091e+03
9.902300000000000182e+02
7.878600000000000136e+02
1.006000000000000000e+03
9.491299999999999955e+02
6.096200000000000045e+02
9.012200000000000273e+02
1.117660000000000082e+03
6.568700000000000045e+02
1.106400000000000091e+03
1.133369999999999891e+03
1.135609999999999900e+03
1.115400000000000091e+03
8.513999999999999773e+02
9.947200000000000273e+02
5.983600000000000136e+02
1.015159999999999968e+03
9.992100000000000364e+02
8.786599999999999682e+02
1.028819999999999936e+03
1.031099999999999909e+03
1.133369999999999891e+03
9.012200000000000273e+02
1.053970000000000027e+03
9.992100000000000364e+02
5.960900000000000318e+02
8.241100000000000136e+02
9.697100000000000364e+02
8.058999999999999773e+02
9.969700000000000273e+02
9.719400000000000546e+02
1.135609999999999900e+03
9.285599999999999454e+02
8.353999999999999773e+02
5.960900000000000318e+02
6.568700000000000045e+02
1.076829999999999927e+03
1.033400000000000091e+03
1.065390000000000100e+03
1.031099999999999909e+03
8.172100000000000364e+02
8.989800000000000182e+02
8.989800000000000182e+02
1.135609999999999900e+03
9.992100000000000364e+02
1.135609999999999900e+03
1.019659999999999968e+03
1.038000000000000000e+03
8.944400000000000546e+02
1.101849999999999909e+03
1.115400000000000091e+03
1.099559999999999945e+03
1.135609999999999900e+03
5.960900000000000318e+02
1.053970000000000027e+03
1.042519999999999982e+03
1.104130000000000109e+03
1.131150000000000091e+03
8.989800000000000182e+02
9.354199999999999591e+02
9.992100000000000364e+02
8.626900000000000546e+02
9.354199999999999591e+02
8.331499999999999773e+02
6.163400000000000318e+02
1.128940000000000055e+03
1.092710000000000036e+03
1.079140000000000100e+03
7.923700000000000045e+02
1.131150000000000091e+03
6.545900000000000318e+02
1.031099999999999909e+03
1.115400000000000091e+03
6.906299999999999955e+02
1.040250000000000000e+03
1.108619999999999891e+03
1.135609999999999900e+03
6.433700000000000045e+02
8.966799999999999500e+02
1.115400000000000091e+03
9.741900000000000546e+02
8.763899999999999864e+02
8.626900000000000546e+02
1.099559999999999945e+03
8.286299999999999955e+02
5.960900000000000318e+02
1.031099999999999909e+03
1.135609999999999900e+03
8.309099999999999682e+02
1.024250000000000000e+03
1.104130000000000109e+03
8.353999999999999773e+02
1.001480000000000018e+03
9.559700000000000273e+02
9.012200000000000273e+02
9.741900000000000546e+02
1.108619999999999891e+03
9.719400000000000546e+02
9.947200000000000273e+02
1.031099999999999909e+03
9.468899999999999864e+02
1.135609999999999900e+03
1.074549999999999955e+03
1.063109999999999900e+03
1.131150000000000091e+03
8.104600000000000364e+02
1.083680000000000064e+03
7.155099999999999909e+02
1.104130000000000109e+03
7.923700000000000045e+02
9.034800000000000182e+02
1.006000000000000000e+03
8.966799999999999500e+02
9.012200000000000273e+02
1.106400000000000091e+03
9.969700000000000273e+02
1.108619999999999891e+03
9.992100000000000364e+02
8.944400000000000546e+02
9.879400000000000546e+02
1.047119999999999891e+03
9.969700000000000273e+02
9.057300000000000182e+02
9.354199999999999591e+02
8.626900000000000546e+02
8.036399999999999864e+02
8.399099999999999682e+02
8.763899999999999864e+02
1.067650000000000091e+03
9.992100000000000364e+02
9.034800000000000182e+02
1.040250000000000000e+03
9.240099999999999909e+02
1.031099999999999909e+03
1.019659999999999968e+03
1.038000000000000000e+03
8.309099999999999682e+02
9.012200000000000273e+02
8.741599999999999682e+02
1.063109999999999900e+03
9.969700000000000273e+02
1.047119999999999891e+03
1.001480000000000018e+03
1.063109999999999900e+03
1.051710000000000036e+03
9.741900000000000546e+02
1.021940000000000055e+03
8.944400000000000546e+02
8.966799999999999500e+02
9.879400000000000546e+02
9.833500000000000227e+02
9.400000000000000000e+02
1.026559999999999945e+03
9.468899999999999864e+02
9.377200000000000273e+02
