1.530180067999999949e+02
1.720965180000000032e+02
1.720390817999999911e+02
1.150022172999999981e+02
1.310334721000000116e+02
1.630386221999999918e+02
2.060810783000000015e+02
2.141184044000000029e+02
1.900531774000000098e+02
1.670335932000000128e+02
1.740547484999999881e+02
2.450923463999999967e+02
1.730806106999999940e+02
1.760374200999999914e+02
2.089335251999999912e+02
1.590284900999999991e+02
1.410289893000000063e+02
1.290178798000000029e+02
1.100232984999999957e+02
1.729566795000000070e+02
1.870964143999999862e+02
1.780496923000000038e+02
1.550067742999999894e+02
2.329782093999999972e+02
1.220233079000000060e+02
1.280338792000000012e+02
1.350297973000000127e+02
1.930494911000000116e+02
1.490264919999999904e+02
1.120501943999999952e+02
3.060572258999999917e+02
3.261098706999999877e+02
2.131233584000000008e+02
1.810494506999999942e+02
1.550074030000000107e+02
2.359527157999999929e+02
2.380195975000000033e+02
2.109305171999999970e+02
1.460445339999999987e+02
1.510388197999999988e+02
1.440652353000000119e+02
2.869113052000000152e+02
1.710286326000000088e+02
1.570240848999999912e+02
3.460048115999999823e+02
1.730554774999999950e+02
3.269837449999999990e+02
2.329239293999999916e+02
1.700905387999999903e+02
1.300647968000000105e+02
4.643002905999999825e+02
3.101067876999999839e+02
1.300495276999999987e+02
2.181024267999999893e+02
2.030815035999999907e+02
3.640188332999999830e+02
2.650823882999999910e+02
1.810705489000000057e+02
1.650179455999999902e+02
3.409993431999999984e+02
1.608407759000000112e+02
2.430613894999999900e+02
1.628377561000000071e+02
3.280446183999999903e+02
3.109014387000000283e+02
2.861038424999999847e+02
1.360389680000000112e+02
1.340458016000000043e+02
2.680851058000000080e+02
4.351509775999999761e+02
3.030826286000000209e+02
1.030386498999999958e+02
1.890755945999999881e+02
2.680276417000000038e+02
1.520340376999999989e+02
3.500030869999999936e+02
2.670728538999999842e+02
1.930705464000000120e+02
1.370342326999999898e+02
1.640703507000000059e+02
3.460622324000000276e+02
3.070452055999999743e+02
1.160339014000000049e+02
1.109742861000000005e+02
3.410801268999999820e+02
3.019998618999999849e+02
2.790380779000000189e+02
1.880340740000000039e+02
1.020182511999999946e+02
1.680652173000000005e+02
1.361060886999999866e+02
2.131150775000000124e+02
1.270481864000000058e+02
2.070764025000000004e+02
1.620216948000000059e+02
3.800465062999999759e+02
2.959892087999999717e+02
1.469645769999999914e+02
1.510248918000000060e+02
2.889082723000000215e+02
2.560586400999999910e+02
2.350925784000000078e+02
3.080880592999999976e+02
1.300859303000000011e+02
1.380182115000000067e+02
2.400351116999999874e+02
3.020694467000000145e+02
1.080201756000000017e+02
2.171070717000000059e+02
1.570353202999999951e+02
1.309557993999999894e+02
1.310446925999999905e+02
3.350765832999999816e+02
3.049995481999999924e+02
3.708678361999999993e+02
3.290843436999999767e+02
1.870366914999999892e+02
1.770391695000000141e+02
2.099329228000000001e+02
1.359437028000000112e+02
1.130228816999999992e+02
1.300858784000000128e+02
2.260823800999999946e+02
2.759841265000000021e+02
1.750234375999999941e+02
1.660495545999999933e+02
3.449942760999999791e+02
3.050106920000000059e+02
2.961217780000000062e+02
2.830775780999999824e+02
3.200102924999999914e+02
3.109557399000000260e+02
3.229922060000000101e+02
3.440800777000000039e+02
2.410919668999999885e+02
2.690771356000000196e+02
3.648882671000000073e+02
3.550150272000000200e+02
1.720060224000000062e+02
3.230369054000000233e+02
3.309900314999999864e+02
4.419958242999999811e+02
1.910185269000000119e+02
1.800420718000000022e+02
1.910548559000000068e+02
1.648347799000000009e+02
3.091116916999999944e+02
3.250044647999999938e+02
2.430801117999999974e+02
4.189765737999999828e+02
3.480715923000000203e+02
2.429625383000000056e+02
1.860855462000000102e+02
2.548812858000000006e+02
2.528833751999999890e+02
1.549462206999999978e+02
2.430629873000000032e+02
3.040155121000000236e+02
3.300684282999999937e+02
4.049607692000000156e+02
2.160137478000000044e+02
3.751299662000000126e+02
2.530491010000000074e+02
2.850639371999999980e+02
2.300296355000000119e+02
3.799769779999999741e+02
3.470463146000000165e+02
2.899999104999999986e+02
3.709221339000000057e+02
4.318588553999999817e+02
4.891613257999999860e+02
4.279800425000000246e+02
2.339777123000000074e+02
4.239820141999999805e+02
4.292451616000000172e+02
3.520152138000000264e+02
2.741399276999999870e+02
4.190573191999999949e+02
3.289744554999999764e+02
2.150315955000000088e+02
2.180114483000000121e+02
2.720258241999999882e+02
1.090279450000000026e+02
2.260345422999999982e+02
1.480423959000000025e+02
3.829766114999999900e+02
2.550877855999999895e+02
1.749534160999999983e+02
2.529957631999999990e+02
2.879107136000000082e+02
2.810350306000000273e+02
1.590647634000000039e+02
3.611622014000000149e+02
2.830676708999999960e+02
1.329527962999999886e+02
3.030494142000000011e+02
1.900497402999999963e+02
2.190443246000000102e+02
1.800514129000000025e+02
1.280702781999999900e+02
1.790547593999999947e+02
1.589102948000000026e+02
2.230812214000000040e+02
2.420773349000000110e+02
4.673001173999999764e+02
2.110810758000000078e+02
1.050177783000000034e+02
3.329943807000000220e+02
1.160702215999999964e+02
2.832633614999999736e+02
1.431063249999999982e+02
2.801029502000000093e+02
1.110072162000000020e+02
2.928907710999999949e+02
3.020986841999999797e+02
2.349748032999999907e+02
2.090654081000000133e+02
3.470210938000000169e+02
2.369520411999999965e+02
1.529831599999999980e+02
1.379391123000000050e+02
3.920678186999999753e+02
2.580555383999999890e+02
1.470648659000000009e+02
4.221195114999999873e+02
1.780331165000000055e+02
3.668852577999999767e+02
2.540999840000000063e+02
1.620406750999999872e+02
1.960602375999999936e+02
1.970443239999999889e+02
1.600059783000000095e+02
2.130140054000000021e+02
3.739663098999999988e+02
2.450146608000000015e+02
1.890336537000000021e+02
3.539614186000000018e+02
4.235704334999999787e+02
1.520102129999999931e+02
1.609099726999999973e+02
3.309786990999999716e+02
4.512271741000000134e+02
3.020652173999999945e+02
4.580236995000000206e+02
3.119842188000000078e+02
2.660886012000000278e+02
3.901696051999999781e+02
2.119299368000000072e+02
4.211832041000000117e+02
1.370593356999999912e+02
1.470437442999999860e+02
2.490061953000000017e+02
2.060113777999999911e+02
3.870887445000000184e+02
4.229715411000000245e+02
4.109714549999999917e+02
2.240221962999999903e+02
1.579746983000000000e+02
2.641445082999999840e+02
3.979873193999999899e+02
1.520009129000000030e+02
2.660789318999999864e+02
2.890376926999999796e+02
1.130341415000000040e+02
2.100759649999999965e+02
3.440392348999999967e+02
3.610619611999999847e+02
3.971385803000000010e+02
2.110598927000000060e+02
2.080603964000000019e+02
5.020094166000000087e+02
1.760914438000000075e+02
3.128982376999999815e+02
3.889660541999999737e+02
2.810981967999999824e+02
3.440561460999999781e+02
3.328586308999999801e+02
2.889681767999999806e+02
2.349203286000000048e+02
2.130392439999999965e+02
3.359875637999999753e+02
2.560581799999999930e+02
3.308607537999999977e+02
2.569657450999999924e+02
2.440663529999999923e+02
3.810417863000000125e+02
3.180310283000000027e+02
1.820444845000000100e+02
2.379492715000000089e+02
4.009692013999999745e+02
3.829877649000000019e+02
3.660149240999999734e+02
4.089670209000000227e+02
1.929573393000000010e+02
2.390761683000000062e+02
3.091033300000000281e+02
2.010868191000000138e+02
1.999800301999999874e+02
2.630219182000000160e+02
1.399831443999999863e+02
2.100371154000000047e+02
1.169709385999999967e+02
2.880845024000000194e+02
2.420507048000000054e+02
1.711376359999999863e+02
2.310136117000000127e+02
4.660607373999999936e+02
3.190149549999999863e+02
3.480015493999999876e+02
2.589637486999999965e+02
2.540424998999999957e+02
1.640702196999999956e+02
2.129271974000000114e+02
1.250341308999999939e+02
4.029814175999999861e+02
3.519994523999999956e+02
3.781145040999999765e+02
2.009849793999999861e+02
1.959869655999999907e+02
1.900356530999999904e+02
2.610871280999999726e+02
3.728647209999999745e+02
2.630763951999999790e+02
1.990153813000000014e+02
1.350436079000000120e+02
2.250505647999999894e+02
3.679768756999999937e+02
1.150748495999999932e+02
2.240585775000000126e+02
3.209398744999999735e+02
1.510222612999999967e+02
3.149950362000000155e+02
2.770043506000000093e+02
3.430814285000000154e+02
2.310611510999999894e+02
2.930771105000000034e+02
2.040248740000000112e+02
1.820390413000000081e+02
3.819925668999999857e+02
3.630412623000000281e+02
1.499931296999999972e+02
2.558211788000000126e+02
2.578182166000000279e+02
1.850208910000000060e+02
1.490441066999999862e+02
1.150248950999999948e+02
1.140180864999999955e+02
2.820835774000000242e+02
3.511400525000000243e+02
2.210517429999999877e+02
3.289805152999999791e+02
4.428654991000000223e+02
1.850209326000000090e+02
2.731448070000000143e+02
3.669452656999999931e+02
2.399863938999999959e+02
2.899077040000000238e+02
2.600586890999999810e+02
1.591011183999999901e+02
4.069514937000000145e+02
4.329920061000000260e+02
2.390332329999999956e+02
2.170283833999999956e+02
3.481289492999999879e+02
1.618408167999999989e+02
1.649845885000000010e+02
2.530920091000000127e+02
2.370604570000000137e+02
3.658877527000000214e+02
4.111066364999999792e+02
2.739511532000000216e+02
3.230874724000000242e+02
2.689005310000000009e+02
3.470038602000000196e+02
3.080979657999999972e+02
3.468777812000000154e+02
2.540791973000000041e+02
3.380362011000000280e+02
4.182083834000000024e+02
4.969535372000000280e+02
2.330433993999999984e+02
4.249983679000000052e+02
1.149794203000000010e+02
1.480424098000000015e+02
2.720565884000000096e+02
1.120149583999999976e+02
3.650203126000000111e+02
3.491243521999999757e+02
2.670169415999999956e+02
3.551348563000000240e+02
4.100473600000000260e+02
3.480589640000000031e+02
2.690294241000000284e+02
2.670113044999999943e+02
1.989904281000000026e+02
1.490230458999999996e+02
1.660256837999999959e+02
2.350212957999999901e+02
3.050464261999999849e+02
2.440274255999999866e+02
1.730077525000000094e+02
2.850848872999999912e+02
2.190262127000000021e+02
3.130953964000000269e+02
1.689798697999999888e+02
1.930340218000000050e+02
1.800652881999999977e+02
4.579542566999999735e+02
2.410107974000000013e+02
3.040333271999999738e+02
1.328663247000000069e+02
1.750233732000000089e+02
2.849400494000000208e+02
1.588452294999999879e+02
1.690492538000000025e+02
1.170064105000000012e+02
2.951265611000000035e+02
1.500546247000000051e+02
2.200814766999999961e+02
3.429961045000000013e+02
3.770468508000000156e+02
2.010391008999999940e+02
3.681012134999999716e+02
1.550140149000000065e+02
3.119550067999999783e+02
1.330376784999999984e+02
1.730440121000000033e+02
1.190096242000000046e+02
3.111065606999999886e+02
1.920265101999999899e+02
2.960615252000000055e+02
1.598437273000000118e+02
1.590284655000000100e+02
3.020653707999999824e+02
2.320943016999999884e+02
1.310612078000000054e+02
5.059570254999999861e+02
1.170177706000000057e+02
4.970343819999999937e+02
1.689127187999999933e+02
3.030645349000000124e+02
3.159267386000000215e+02
1.920513468999999986e+02
2.490370354000000077e+02
3.630412254999999959e+02
4.650657067999999867e+02
2.850638991000000146e+02
1.690872110999999904e+02
2.789835903000000030e+02
1.870599220000000003e+02
2.120527164000000084e+02
4.381254807000000255e+02
1.870234389999999962e+02
3.390678437999999915e+02
3.330082694999999831e+02
4.089556949999999915e+02
4.241577541999999994e+02
4.069513559000000100e+02
1.420494882000000132e+02
3.721076375999999755e+02
1.950624496000000079e+02
3.270746917999999823e+02
5.019589996999999926e+02
1.430335161000000141e+02
1.530743118999999979e+02
2.230324254999999880e+02
1.550332351000000131e+02
2.040289597999999955e+02
3.619996019999999817e+02
3.781246613000000139e+02
3.011201786999999968e+02
4.401900866999999948e+02
4.700447186000000102e+02
2.969882865000000152e+02
1.270385282000000018e+02
2.190762182999999936e+02
2.770818636000000197e+02
2.591178411000000210e+02
2.410707787000000053e+02
2.820738096000000041e+02
3.029837044999999875e+02
4.241504529000000048e+02
2.580408952000000227e+02
1.290905193000000111e+02
2.939445129999999722e+02
3.001056484000000069e+02
4.390471686999999861e+02
4.250235508000000095e+02
4.609537473999999975e+02
1.010591893999999940e+02
2.530317589999999939e+02
3.470611202000000048e+02
2.011119930000000124e+02
2.130479478000000029e+02
1.730441987000000097e+02
1.359694832000000133e+02
3.259995678000000225e+02
5.020163256999999817e+02
1.980675175000000081e+02
3.330308038000000010e+02
1.719976431999999988e+02
3.120957475999999815e+02
1.709855455000000006e+02
1.640338984999999923e+02
2.860236596999999961e+02
1.280488871000000017e+02
3.390923088000000121e+02
4.829378095000000144e+02
2.260741288000000111e+02
2.170330634000000032e+02
2.600530191999999943e+02
3.129856856000000107e+02
4.391922966999999858e+02
3.129525330999999824e+02
2.151152510999999947e+02
4.448624406999999792e+02
3.140773426999999742e+02
1.850749404000000027e+02
2.260377215000000035e+02
3.820432102999999984e+02
4.889482638999999722e+02
3.991357065999999918e+02
3.899612311999999861e+02
4.299922210999999947e+02
3.719214448000000175e+02
1.570490505999999868e+02
3.370044742000000042e+02
3.059985431000000062e+02
2.129972722999999917e+02
2.630528375999999753e+02
2.790589211999999861e+02
3.910724645000000237e+02
1.980370925999999940e+02
2.000299373000000003e+02
3.671839395000000081e+02
1.630597471000000098e+02
5.799864331999999649e+02
1.749053742000000113e+02
1.769033545000000061e+02
1.949955209999999965e+02
4.439922427000000198e+02
1.690377392999999984e+02
2.909050722999999721e+02
2.930869448999999918e+02
3.249888988999999810e+02
2.640561976000000186e+02
3.540820529000000079e+02
2.761190654000000109e+02
2.040419866999999954e+02
3.039966320999999994e+02
3.660617986999999971e+02
1.360514713000000029e+02
2.149672204000000022e+02
2.550588481000000058e+02
3.121033143999999879e+02
2.350448163000000079e+02
3.119878065999999990e+02
2.272005292000000054e+02
2.780540156999999795e+02
2.520939802999999984e+02
1.890027450999999985e+02
1.100444738999999998e+02
2.070610527999999988e+02
1.939877071999999885e+02
3.040621277000000191e+02
3.370395194999999831e+02
3.870804651000000263e+02
4.282417911000000004e+02
2.120220687999999996e+02
1.829872627999999963e+02
4.139645227999999975e+02
1.310698120000000131e+02
1.690392937000000018e+02
4.700863395999999739e+02
3.261084212000000093e+02
1.949543317000000116e+02
2.480708780999999874e+02
1.890326009000000056e+02
2.090781717000000128e+02
3.290270499000000086e+02
1.861122116999999889e+02
2.979860150999999746e+02
2.720531368000000043e+02
1.650427847999999926e+02
2.390387746000000107e+02
3.809609336999999982e+02
3.220923783000000071e+02
3.710097620999999890e+02
2.418978275999999994e+02
4.299763212999999951e+02
1.800289243999999940e+02
1.460233097999999927e+02
4.181582801000000131e+02
3.828988565000000222e+02
3.289742299999999773e+02
1.239005252999999982e+02
2.040264717999999959e+02
1.230072710999999970e+02
2.769833801999999991e+02
3.060642680000000269e+02
3.270712384999999927e+02
3.641142499000000043e+02
1.290448383000000092e+02
1.670196353999999985e+02
1.240759316000000041e+02
1.309906057000000033e+02
3.069962686000000076e+02
2.930507676999999944e+02
1.429158022000000017e+02
1.610327004000000102e+02
4.209733203000000117e+02
4.259787162000000080e+02
2.949417854999999804e+02
3.820897102000000132e+02
3.488747667999999749e+02
1.410599231999999859e+02
3.100720324999999775e+02
2.570170140000000174e+02
1.990266775999999993e+02
4.759644440999999802e+02
3.131132979999999861e+02
4.011289262999999892e+02
3.510924062000000276e+02
4.030968151000000148e+02
1.850442384000000118e+02
1.559778997999999888e+02
4.590190213000000199e+02
2.771282605000000103e+02
2.280478399000000138e+02
2.938902924000000212e+02
1.360151406999999892e+02
2.500921456000000092e+02
3.220080477999999857e+02
1.510265148000000011e+02
2.291182808000000080e+02
2.260685133000000064e+02
3.210306064000000106e+02
5.009485938999999917e+02
1.439899902999999881e+02
2.088779135000000053e+02
1.851533594999999934e+02
3.729190375000000017e+02
4.502238628999999719e+02
3.239910712999999873e+02
2.951182501000000116e+02
3.337985951000000000e+02
2.708975719000000026e+02
3.210092055000000073e+02
3.490756696000000261e+02
4.069574792999999886e+02
3.371244955000000232e+02
2.089891830999999911e+02
2.630276223999999843e+02
1.530199342999999885e+02
3.421184541000000081e+02
2.230730196000000092e+02
3.900805518000000234e+02
1.450128908000000081e+02
1.080438795000000027e+02
2.181093223999999964e+02
2.820821809000000258e+02
4.672006845999999882e+02
1.729147705999999971e+02
2.120398442999999986e+02
2.230488111999999887e+02
3.357957455000000095e+02
2.227637086000000011e+02
4.170452056999999968e+02
3.469910075000000234e+02
3.040519494000000122e+02
3.750655639999999948e+02
1.978065359000000001e+02
1.860394038999999964e+02
1.710648520999999960e+02
2.000300228000000118e+02
1.950861449999999877e+02
4.372130142999999975e+02
3.300699222000000077e+02
2.400234483000000125e+02
2.880374924000000192e+02
2.668923859000000220e+02
2.247616607999999871e+02
5.131739410000000134e+02
1.409177989000000082e+02
3.060099152000000231e+02
3.678847943000000100e+02
2.010124725000000012e+02
2.598152347000000191e+02
4.789459254000000215e+02
4.319382784000000015e+02
3.250327460999999971e+02
5.171536968000000343e+02
2.340063427999999988e+02
3.819736260000000243e+02
1.870179268999999920e+02
3.840413730000000214e+02
3.190148851999999806e+02
3.670688198999999940e+02
2.959194074999999771e+02
3.368976675000000114e+02
2.631029368999999747e+02
3.319887843000000203e+02
2.400534930000000031e+02
1.709097961999999882e+02
1.559453163999999958e+02
1.469660451999999964e+02
2.530124269000000083e+02
1.129976245000000006e+02
2.440452190999999971e+02
2.120891479999999945e+02
3.990158617999999819e+02
2.491000697000000059e+02
3.570581331999999861e+02
3.569610268000000133e+02
1.528823161999999911e+02
1.540610585000000015e+02
3.951083671999999751e+02
2.779807238999999868e+02
3.501083433000000014e+02
2.860380324000000201e+02
2.060656969000000061e+02
4.220333754000000113e+02
2.120219213000000025e+02
2.690269460000000095e+02
2.440306257999999957e+02
3.080978837000000112e+02
1.839730495000000019e+02
1.790729216999999949e+02
1.468653079000000048e+02
2.810326340999999957e+02
1.958095385000000022e+02
1.600389331000000084e+02
3.220071533000000272e+02
1.310891593999999998e+02
1.750847703000000024e+02
1.870179564999999968e+02
3.570117089999999962e+02
5.360006991000000198e+02
3.560139551999999981e+02
1.668316388000000074e+02
1.530372543000000007e+02
1.430197110000000009e+02
1.950510323999999969e+02
3.170616989999999760e+02
3.960080209999999852e+02
3.260035844000000225e+02
3.699524208000000272e+02
2.680890575999999896e+02
2.558806250000000091e+02
1.980062709000000041e+02
1.310220906000000127e+02
1.410541361999999879e+02
5.208424430000000029e+02
2.560759813000000236e+02
3.152531225000000177e+02
1.210490080999999947e+02
1.800863816000000099e+02
3.749616649999999822e+02
1.670216016999999908e+02
2.130139468000000136e+02
1.810105259999999987e+02
3.849732716999999980e+02
3.339718642999999929e+02
4.248550245000000132e+02
4.131035961000000043e+02
3.600512302999999861e+02
1.508851630000000057e+02
3.549817451999999776e+02
2.950675479000000223e+02
4.869442369999999869e+02
3.690279057000000194e+02
4.108356173000000240e+02
1.520356776000000139e+02
2.688894574000000262e+02
3.629173774000000208e+02
6.251919789999999466e+02
2.300456551999999988e+02
1.390385703000000035e+02
1.878595865000000060e+02
2.920794353000000001e+02
2.549387231000000043e+02
6.058237639000000172e+02
3.350099673999999936e+02
1.260447340000000054e+02
2.890169195999999943e+02
5.180040877000000137e+02
3.329868839000000094e+02
1.840213757999999871e+02
2.790976263000000017e+02
2.700434131999999749e+02
2.538827573000000086e+02
3.250831896000000256e+02
1.849365680999999881e+02
1.189680522999999965e+02
2.290014528000000098e+02
2.140555971000000000e+02
3.431081386999999836e+02
2.200311345000000074e+02
3.830437878999999839e+02
3.110975865999999996e+02
1.891004772000000003e+02
1.920217156999999872e+02
1.970415833000000134e+02
1.500182651000000078e+02
2.909992234000000053e+02
4.609649264000000244e+02
2.090573085000000049e+02
3.338582316000000105e+02
1.980474519999999927e+02
1.319553669000000014e+02
2.480222798000000068e+02
2.919753236000000243e+02
2.580099374000000125e+02
2.379959171000000140e+02
2.360763918000000103e+02
3.669994699000000082e+02
3.671348631999999839e+02
3.840926832000000104e+02
2.329124582999999973e+02
3.290505334999999718e+02
3.370881153999999924e+02
4.170281385000000114e+02
1.450507289999999898e+02
3.021180679000000282e+02
3.111089226999999937e+02
1.810162406999999973e+02
3.270012884000000213e+02
2.369617135000000019e+02
2.820973981000000208e+02
3.109056946000000039e+02
1.850418230999999878e+02
1.510403900999999962e+02
1.889802675999999906e+02
3.961762014999999906e+02
2.710791095999999811e+02
2.420020633000000032e+02
2.010756182000000081e+02
1.640173957000000087e+02
1.730108494000000121e+02
4.390388720999999919e+02
5.762884522000000516e+02
3.848958357999999862e+02
2.811062484999999924e+02
3.299733540999999946e+02
3.060123557000000005e+02
3.450188008999999738e+02
3.050144948000000227e+02
2.909369307000000049e+02
3.591087939000000233e+02
3.140904059000000075e+02
1.670004543000000012e+02
2.420327326999999968e+02
3.619664594000000193e+02
2.701009217000000149e+02
4.410375993000000108e+02
7.841479527999999846e+02
2.550532205000000090e+02
1.740393052000000012e+02
3.040625258000000031e+02
2.569170288000000255e+02
3.688821705999999949e+02
1.570258087999999930e+02
2.589150250999999798e+02
1.940405705000000012e+02
3.448695660000000203e+02
3.470974105999999892e+02
1.089002861000000024e+02
1.930121795999999961e+02
2.500710541999999919e+02
3.210390189999999961e+02
2.889156750999999872e+02
3.309711990999999784e+02
1.919896214999999984e+02
1.880106168000000082e+02
1.790336753999999928e+02
5.031859880999999746e+02
4.449225569999999834e+02
1.920323185000000024e+02
1.998036351000000082e+02
4.849285547999999721e+02
4.459543242999999961e+02
2.610871177999999873e+02
2.200216275999999880e+02
1.510615921000000128e+02
2.849402347999999847e+02
2.250175134000000128e+02
2.568779683999999861e+02
1.120024389999999954e+02
2.530433936999999958e+02
3.248510499000000209e+02
2.960977947000000086e+02
1.989743143000000032e+02
2.920407410999999911e+02
2.060480842999999993e+02
4.599700126999999839e+02
1.970554274000000134e+02
3.310011076999999773e+02
3.318602333000000044e+02
3.640154587000000106e+02
3.160152368999999908e+02
1.979871042000000045e+02
3.010795886999999880e+02
5.480218973999999434e+02
1.929902863000000082e+02
