1.530180264817837212e+02
1.720966180662831562e+02
1.720390975506522864e+02
1.150022035511987468e+02
1.310334815076079167e+02
1.630386668048361116e+02
2.060811607013905018e+02
2.141183964854639044e+02
1.900532225458889286e+02
1.670336145904405782e+02
1.740547745984011101e+02
2.450924030024750948e+02
1.730806256336816489e+02
1.760374446371805277e+02
2.089335141765014612e+02
1.590284666150868702e+02
1.410290212238393224e+02
1.290178719598773966e+02
1.100232877982065389e+02
1.729566795000000070e+02
1.870964891424133327e+02
1.780497260840066076e+02
1.550067296222025846e+02
2.329782246105156105e+02
1.220232991591417999e+02
1.280338816924836181e+02
1.350298276935923809e+02
1.930494328600921392e+02
1.490264726971015534e+02
1.120502124490118661e+02
3.060572892693382983e+02
3.261099174185266634e+02
2.131233781150732796e+02
1.810494239991575682e+02
1.550073723223772504e+02
2.359527342188217744e+02
2.380195906804783306e+02
2.109304982191705733e+02
1.460445468867800685e+02
1.510387824439353608e+02
1.440652301489119509e+02
2.869112918665217649e+02
1.710286694760741852e+02
1.570240582704002463e+02
3.460047910248461562e+02
1.730555056268554495e+02
3.269837974559986264e+02
2.329239222957592403e+02
1.700905130211354503e+02
1.300647821443693317e+02
4.643003788710034314e+02
3.101067313697512873e+02
1.300495185402215270e+02
2.181023733680871146e+02
2.030814712862418787e+02
3.640188821200734992e+02
2.650823595346328148e+02
1.810705869049084527e+02
1.650179611426981410e+02
3.409993391646428904e+02
1.608407792075725808e+02
2.430613620505511960e+02
1.628377601502408538e+02
3.280445167442431398e+02
3.109014358857077696e+02
2.861038053470918499e+02
1.360389650678197597e+02
1.340457957261872650e+02
2.680851313506190650e+02
4.351511576498673435e+02
3.030826811610054392e+02
1.030386493001705048e+02
1.890755923802234406e+02
2.680276387349957758e+02
1.520340183143850652e+02
3.500030807113587343e+02
2.670728281755313560e+02
1.930705689658357471e+02
1.370342199382746742e+02
1.640703168851811711e+02
3.460622771404676996e+02
3.070451766377911440e+02
1.160339011315567319e+02
1.109743175566434985e+02
3.410801214865949760e+02
3.019998724667582337e+02
2.790380593270153327e+02
1.880340633971938473e+02
1.020182530228835844e+02
1.680652218707740246e+02
1.361060603860525475e+02
2.131150311128050419e+02
1.270482035246311483e+02
2.070763768718348956e+02
1.620216638284713042e+02
3.800465789755095329e+02
2.959891969333911561e+02
1.469645943367977736e+02
1.510248499401492950e+02
2.889082400091811564e+02
2.560586062824788200e+02
2.350925933850833758e+02
3.080880558211876519e+02
1.300858902501053365e+02
1.380182055056671686e+02
2.400351190281867559e+02
3.020694651856696282e+02
1.080201328538605026e+02
2.171069747975931818e+02
1.570352689734466765e+02
1.309558000864984137e+02
1.310447528106708432e+02
3.350765413551559959e+02
3.049995747819103826e+02
3.708678259812353417e+02
3.290844438268374006e+02
1.870366933261641691e+02
1.770391491093880063e+02
2.099329281480865461e+02
1.359436589419208872e+02
1.130228853133302067e+02
1.300858515500948442e+02
2.260822615365765955e+02
2.759841182971240983e+02
1.750234439616315569e+02
1.660495854230362056e+02
3.449943057502524653e+02
3.050108136849644893e+02
2.961217431694098536e+02
2.830775276247179590e+02
3.200103149609941511e+02
3.109557357004634355e+02
3.229921989713043331e+02
3.440800054017965408e+02
2.410920719154077290e+02
2.690771116201840982e+02
3.648882466563184721e+02
3.550149853733155396e+02
1.720061082416875990e+02
3.230369903834761658e+02
3.309899941446599314e+02
4.419958197098656001e+02
1.910185334082067072e+02
1.800420694254146667e+02
1.910548641180793368e+02
1.648347664929160317e+02
3.091117178993620769e+02
3.250044820181308296e+02
2.430800047556172672e+02
4.189765897545199778e+02
3.480716159864941233e+02
2.429624687236775173e+02
1.860855116676859211e+02
2.548812298625334449e+02
2.528832976196066795e+02
1.549461809057488040e+02
2.430630129509998199e+02
3.040154475144793764e+02
3.300684046942232044e+02
4.049607784458024184e+02
2.160137875005256944e+02
3.751300966394832699e+02
2.530491482646756367e+02
2.850638867644998413e+02
2.300296346092529234e+02
3.799769419565860744e+02
3.470462845078661189e+02
2.899998452058186444e+02
3.709221457959964710e+02
4.318587341551698842e+02
4.891613722268378410e+02
4.279800717011652864e+02
2.339777322821261691e+02
4.239820055147133644e+02
4.292451129449331120e+02
3.520152632581579724e+02
2.741399042959693588e+02
4.190573950764783149e+02
3.289743357969161934e+02
2.150315716336141065e+02
2.180114537433802013e+02
2.720258241214800705e+02
1.090279090277179819e+02
2.260346369236348778e+02
1.480423771296791529e+02
3.829766174717309468e+02
2.550877367186505182e+02
1.749534263426046437e+02
2.529957241501579404e+02
2.879107165381097957e+02
2.810350418696840507e+02
1.590647666249511758e+02
3.611621028437599534e+02
2.830676379220305421e+02
1.329528299291799840e+02
3.030493899519586876e+02
1.900497309449401087e+02
2.190444299240856481e+02
1.800513710279423094e+02
1.280702684023715108e+02
1.790547432571143531e+02
1.589103083829780303e+02
2.230812012210554371e+02
2.420772864831342304e+02
4.673001076861627894e+02
2.110810782600898392e+02
1.050177873379900717e+02
3.329943422893301772e+02
1.160701907414182301e+02
2.832633669752187870e+02
1.431063100883308437e+02
2.801029448163919255e+02
1.110072210655848437e+02
2.928907770914130424e+02
3.020985720935793211e+02
2.349748160530780581e+02
2.090653746123337839e+02
3.470211298010304404e+02
2.369520710903859140e+02
1.529831690723114264e+02
1.379390842841664266e+02
3.920677353421908720e+02
2.580555166251279502e+02
1.470648349640376011e+02
4.221194574085764657e+02
1.780330966794876417e+02
3.668852582989950974e+02
2.541000761502593548e+02
1.620406808336390441e+02
1.960602474782640172e+02
1.970442720456670997e+02
1.600059455807112272e+02
2.130140042853515752e+02
3.739662697232199093e+02
2.450146456813449731e+02
1.890336752688327238e+02
3.539613247869892234e+02
4.235705135028927657e+02
1.520102193079178221e+02
1.609099431263674660e+02
3.309787318415994832e+02
4.512271072184157674e+02
3.020653475845507501e+02
4.580237686653700848e+02
3.119841089799181191e+02
2.660886804080947741e+02
3.901695233263624800e+02
2.119299303907606316e+02
4.211831588541426754e+02
1.370593606451065227e+02
1.470437031582951590e+02
2.490062942660529188e+02
2.060113813824283966e+02
3.870887474891790703e+02
4.229715743401344525e+02
4.109714738791749369e+02
2.240222028767673237e+02
1.579747569287472402e+02
2.641444277797551763e+02
3.979874442508382799e+02
1.520008626053752323e+02
2.660788777054310117e+02
2.890376908443586217e+02
1.130341353163873350e+02
2.100759137869420954e+02
3.440393055907365465e+02
3.610620663165755673e+02
3.971385253201493697e+02
2.110599504543484954e+02
2.080603846392334333e+02
5.020091838181580215e+02
1.760914757518631575e+02
3.128982106283200437e+02
3.889661163993434911e+02
2.810981483868328610e+02
3.440561397953111396e+02
3.328585983524425842e+02
2.889681587254636952e+02
2.349203191382688090e+02
2.130392035921993568e+02
3.359874761026973715e+02
2.560581670823594891e+02
3.308606271095051738e+02
2.569656567289646887e+02
2.440664539236792336e+02
3.810417528459424830e+02
3.180309425231109230e+02
1.820445099695665760e+02
2.379492998613771988e+02
4.009692501611272064e+02
3.829878684747883426e+02
3.660149069624820299e+02
4.089670102344732641e+02
1.929572759350490117e+02
2.390762155676101770e+02
3.091032630970644846e+02
2.010867979442006686e+02
1.999799739434274954e+02
2.630220411747529283e+02
1.399831308396245504e+02
2.100371834764173400e+02
1.169709142861847653e+02
2.880844998853343668e+02
2.420507086759118636e+02
1.711376448056876143e+02
2.310136160766443538e+02
4.660606692493524292e+02
3.190149014904961859e+02
3.480015605674569770e+02
2.589636847719174853e+02
2.540425019346138811e+02
1.640701946851479818e+02
2.129272352617725801e+02
1.250341558773250910e+02
4.029814586079334617e+02
3.519993063538217939e+02
3.781144628504679304e+02
2.009849434165222704e+02
1.959869289583401155e+02
1.900356967411264009e+02
2.610871971489700059e+02
3.728647111238775551e+02
2.630764205895302439e+02
1.990154209813156854e+02
1.350436804973568314e+02
2.250505731562211338e+02
3.679769260956496169e+02
1.150748698709454203e+02
2.240586457866704677e+02
3.209398008135767100e+02
1.510222726394489143e+02
3.149950535981252528e+02
2.770043392743633603e+02
3.430813693304228309e+02
2.310611912895726334e+02
2.930771991420721747e+02
2.040248965426123675e+02
1.820390347680786931e+02
3.819925521043167578e+02
3.630412394544046606e+02
1.499930939597754218e+02
2.558212052179664795e+02
2.578182801606602652e+02
1.850209217783896349e+02
1.490440803018863392e+02
1.150248754573597125e+02
1.140180998837741413e+02
2.820835192546018675e+02
3.511399672203012301e+02
2.210517456695623650e+02
3.289805873986150004e+02
4.428654741461892286e+02
1.850209117783869033e+02
2.731447884255522922e+02
3.669451761152773770e+02
2.399863334149295611e+02
2.899076959807776461e+02
2.600586639694719224e+02
1.591010993348243971e+02
4.069513791867369150e+02
4.329920043631296380e+02
2.390332462559335056e+02
2.170285021762686881e+02
3.481289295020687860e+02
1.618408082793248184e+02
1.649846204336380140e+02
2.530919472763060298e+02
2.370605063198525784e+02
3.658876983279137676e+02
4.111067004159219778e+02
2.739511537446774696e+02
3.230875744972220787e+02
2.689005142721947550e+02
3.470038188963263224e+02
3.080979972238891946e+02
3.468777738620743207e+02
2.540791529445735932e+02
3.380362029594273849e+02
4.182085108457987985e+02
4.969536710443509833e+02
2.330435161282582044e+02
4.249984772909338631e+02
1.149794161450063967e+02
1.480423564296735037e+02
2.720566694298620973e+02
1.120150142394469412e+02
3.650203476922161485e+02
3.491242785725492581e+02
2.670169726603529625e+02
3.551349559059167973e+02
4.100472618280255688e+02
3.480590024830664788e+02
2.690294518072328174e+02
2.670113005588116266e+02
1.989905270745509256e+02
1.490230513961718373e+02
1.660257393165561837e+02
2.350212956657086067e+02
3.050464502946485368e+02
2.440274710130858580e+02
1.730076970138637193e+02
2.850848276701904069e+02
2.190262656191495978e+02
3.130953847819009752e+02
1.689798736193254740e+02
1.930341175559302940e+02
1.800652831317228504e+02
4.579542032464660792e+02
2.410107823933177826e+02
3.040333370193407063e+02
1.328663410056770999e+02
1.750234003616197072e+02
2.849401472308743450e+02
1.588452237652916494e+02
1.690492504381782339e+02
1.170064369958378592e+02
2.951266670990035550e+02
1.500546862765127685e+02
2.200814889059005850e+02
3.429960831072467613e+02
3.770467385603199091e+02
2.010391193312442795e+02
3.681010044293672081e+02
1.550140166241827728e+02
3.119549815720028505e+02
1.330377364522528865e+02
1.730441021237566019e+02
1.190095989401857963e+02
3.111064338414147983e+02
1.920264640821061448e+02
2.960613843530076679e+02
1.598437571366374641e+02
1.590284423150802695e+02
3.020653323845465934e+02
2.320942893703112020e+02
1.310611783151343559e+02
5.059569418909389924e+02
1.170177805989204245e+02
4.970345058663173745e+02
1.689126821010665651e+02
3.030645359560745078e+02
3.159266990512946904e+02
1.920513999888823378e+02
2.490370181744019646e+02
3.630411998543939376e+02
4.650656142789518412e+02
2.850638909645010131e+02
1.690872555485059081e+02
2.789836248122230131e+02
1.870599010324707194e+02
2.120527646241401385e+02
4.381255210581338133e+02
1.870234603225681838e+02
3.390678454397703376e+02
3.330081342930781148e+02
4.089557742314199231e+02
4.241576705624493684e+02
4.069513719867350119e+02
1.420494628011385601e+02
3.721076056181384502e+02
1.950624984071313293e+02
3.270746911806984940e+02
5.019591603045644206e+02
1.430334897685423243e+02
1.530743001970758144e+02
2.230324370078040488e+02
1.550333001294229405e+02
2.040289919437252308e+02
3.619996592713611676e+02
3.781246640532400534e+02
3.011200457276703446e+02
4.401901056191729253e+02
4.700445698319549024e+02
2.969883451049039991e+02
1.270385032219951427e+02
2.190762841327418471e+02
2.770819684954587387e+02
2.591178889138216164e+02
2.410707570096155337e+02
2.820737237519400082e+02
3.029836969341070017e+02
4.241502295604273058e+02
2.580408579211444930e+02
1.290904997796136229e+02
2.939445079777584624e+02
3.001055384519836480e+02
4.390471360085774108e+02
4.250236440977727739e+02
4.609539035616177216e+02
1.010592049622676996e+02
2.530317626599511982e+02
3.470611775119131721e+02
2.011119723510416577e+02
2.130479932945878829e+02
1.730441877237798849e+02
1.359695367489530327e+02
3.259996333885576405e+02
5.020164830201415498e+02
1.980674953237222553e+02
3.330307008992104443e+02
1.719975653393661332e+02
3.120957135102460143e+02
1.709856429643819808e+02
1.640339140752889477e+02
2.860236925253216782e+02
1.280488845965605833e+02
3.390923693464346229e+02
4.829378898356416698e+02
2.260741308343671392e+02
2.170330760775115948e+02
2.600530914679576426e+02
3.129857947521205119e+02
4.391921937479961002e+02
3.129525418430842478e+02
2.151152300563477979e+02
4.448624355888522359e+02
3.140774510487719340e+02
1.850749329930668807e+02
2.260377654244850305e+02
3.820432566180954268e+02
4.889484937689893513e+02
3.991356641628605644e+02
3.899612578697675076e+02
4.299922626479668111e+02
3.719214408675492223e+02
1.570490542771927664e+02
3.370045189790730547e+02
3.059985844533856039e+02
2.129972677808035257e+02
2.630528390831220804e+02
2.790589318326872785e+02
3.910723990717138463e+02
1.980371110154654843e+02
2.000299350570041668e+02
3.671839714801686796e+02
1.630597391105623615e+02
5.799861824079665666e+02
1.749053425295381601e+02
1.769033664724898642e+02
1.949955850889479905e+02
4.439922338523797976e+02
1.690377978350660442e+02
2.909050382517997946e+02
2.930869890447326043e+02
3.249890679139421650e+02
2.640562058557813430e+02
3.540822187198414781e+02
2.761190916338023840e+02
2.040419800472546967e+02
3.039965964093566981e+02
3.660618565752403128e+02
1.360515282712337637e+02
2.149671796161159421e+02
2.550589324108231324e+02
3.121033712123269197e+02
2.350448200721012313e+02
3.119879367809582504e+02
2.272005692404704007e+02
2.780539587595915236e+02
2.520939683051109057e+02
1.890028066604443211e+02
1.100445098039734972e+02
2.070610233676626706e+02
1.939876828150562460e+02
3.040623047272125632e+02
3.370393522885387938e+02
3.870804017869111817e+02
4.282418012722887966e+02
2.120221073158091656e+02
1.829873015257648206e+02
4.139646389925506469e+02
1.310698272174846579e+02
1.690393358354839961e+02
4.700864978433485817e+02
3.261084331181232869e+02
1.949542683777204388e+02
2.480709187118698935e+02
1.890326094685430860e+02
2.090782331158279987e+02
3.290270368112373376e+02
1.861122416749496438e+02
2.979860493760244822e+02
2.720532359289290412e+02
1.650427742494409813e+02
2.390387067574173443e+02
3.809609577239868372e+02
3.220923368267718274e+02
3.710097114197918700e+02
2.418977773343536342e+02
4.299765026436841140e+02
1.800289338218451292e+02
1.460233104810092186e+02
4.181584680322000054e+02
3.828988328505934646e+02
3.289741819968743926e+02
1.239005380692708513e+02
2.040264925430460607e+02
1.230073072265404193e+02
2.769833475686590418e+02
3.060642251712231428e+02
3.270713291797848683e+02
3.641143092460053481e+02
1.290448795672165829e+02
1.670195961866311620e+02
1.240759273169318959e+02
1.309906676959735137e+02
3.069962713245013788e+02
2.930507015348716209e+02
1.429157443365456857e+02
1.610326455597111703e+02
4.209732698971064906e+02
4.259785488572627514e+02
2.949417585487556721e+02
3.820898655307611307e+02
3.488747654047454603e+02
1.410599289322383072e+02
3.100718961602850641e+02
2.570170172429216109e+02
1.990266837843763028e+02
4.759645504406760779e+02
3.131132703867613145e+02
4.011290261045454031e+02
3.510924857073983958e+02
4.030969746393242872e+02
1.850442281847230106e+02
1.559778403860964318e+02
4.590190374358287499e+02
2.771283190080541772e+02
2.280479255707346908e+02
2.938903114630308551e+02
1.360150673613257197e+02
2.500922101611444361e+02
3.220080936038792174e+02
1.510265945406233641e+02
2.291182663615937827e+02
2.260685473328498745e+02
3.210304772382175429e+02
5.009485704299423219e+02
1.439899881284653418e+02
2.088778971613878355e+02
1.851534066143916561e+02
3.729190471386431227e+02
4.502238756457932709e+02
3.239911091427525207e+02
2.951182906967272856e+02
3.337986761079033613e+02
2.708975833148869583e+02
3.210091365324183244e+02
3.490757798593700159e+02
4.069574649883907114e+02
3.371244228116562454e+02
2.089892646916513286e+02
2.630276464762761179e+02
1.530198933822910590e+02
3.421185301687767151e+02
2.230730065188285778e+02
3.900805988021977555e+02
1.450128376064189126e+02
1.080439073603211000e+02
2.181093330699783905e+02
2.820821152542202981e+02
4.672007425591608580e+02
1.729148251886263097e+02
2.120398357206267690e+02
2.230488789122720164e+02
3.357956206505617729e+02
2.227636285347568332e+02
4.170450483296344828e+02
3.469911136928737392e+02
3.040519038243861587e+02
3.750654743219225224e+02
1.978065444528103285e+02
1.860394164551598237e+02
1.710648186858975066e+02
2.000299230570009001e+02
1.950861534135594297e+02
4.372129779101553595e+02
3.300698124946057987e+02
2.400235496250428469e+02
2.880374290725432047e+02
2.668922891264709278e+02
2.247616261777014302e+02
5.131740747521540698e+02
1.409178641936330223e+02
3.060099965564868398e+02
3.678847629706048110e+02
2.010124181239883683e+02
2.598151877033086521e+02
4.789459743508612064e+02
4.319383462768039976e+02
3.250325865257681244e+02
5.171539627336661624e+02
2.340062830898846755e+02
3.819736356991763273e+02
1.870178736210500290e+02
3.840413201610578540e+02
3.190149300905039809e+02
3.670690223489319237e+02
2.959194143144281384e+02
3.368976576500340911e+02
2.631029522967400567e+02
3.319888264160869653e+02
2.400534671331727736e+02
1.709097775437659550e+02
1.559453525772680678e+02
1.469661044372081165e+02
2.530124359546992707e+02
1.129976277064665879e+02
2.440453254179377041e+02
2.120891710340333702e+02
3.990159421303267777e+02
2.491001957915701439e+02
3.570583422285861843e+02
3.569610552021489980e+02
1.528822433448854383e+02
1.540610388652164318e+02
3.951083988684740120e+02
2.779806852396798718e+02
3.501082886399484551e+02
2.860380340292189203e+02
2.060657504972028846e+02
4.220334809852128615e+02
2.120218999157528117e+02
2.690269981065660545e+02
2.440306074139381280e+02
3.080979150238668467e+02
1.839731498936635319e+02
1.790729299620564916e+02
1.468653360098248868e+02
2.810325157689975981e+02
1.958095057101263308e+02
1.600389802896882259e+02
3.220071862036326138e+02
1.310892002227491560e+02
1.750847172782822270e+02
1.870179829210797209e+02
3.570117461159239269e+02
5.360008495552010572e+02
3.560139391447755202e+02
1.668317279355790106e+02
1.530373365870311488e+02
1.430197328648039559e+02
1.950509953040054256e+02
3.170617884597487546e+02
3.960080141129393496e+02
3.260035504896220573e+02
3.699524197324788020e+02
2.680890020516708887e+02
2.558806902341311797e+02
1.980061812070604788e+02
1.310220386044983911e+02
1.410541369306643844e+02
5.208424061359797861e+02
2.560760638872228583e+02
3.152531721682674970e+02
1.210489728943741454e+02
1.800863920374590634e+02
3.749615493936815369e+02
1.670215982871752090e+02
2.130139840853460669e+02
1.810104790885744990e+02
3.849733001143181923e+02
3.339718188549539377e+02
4.248550253519515536e+02
4.131037866586189011e+02
3.600511324418599770e+02
1.508851477021859750e+02
3.549816500642568258e+02
2.950674574829136532e+02
4.869440856243027156e+02
3.690280729812928939e+02
4.108355351422343347e+02
1.520356689148336216e+02
2.688895256692086946e+02
3.629175442207912283e+02
6.251919601923812024e+02
2.300457263136257495e+02
1.390385530829408651e+02
1.878596645498019200e+02
2.920795189709582473e+02
2.549387096781532875e+02
6.058237986291927655e+02
3.350099481370596664e+02
1.260447560519499746e+02
2.890169097387115471e+02
5.180040552646738661e+02
3.329868463872932693e+02
1.840214249067820163e+02
2.790976246432018684e+02
2.700434015827679559e+02
2.538827255911955660e+02
3.250830296394757397e+02
1.849366560554908858e+02
1.189680516288955374e+02
2.290013600298251220e+02
2.140556588684153212e+02
3.431079712376517250e+02
2.200311956922336947e+02
3.830437442899723237e+02
3.110976991390411968e+02
1.891005677870103909e+02
1.920217613808282238e+02
1.970415898449382155e+02
1.500182714666172785e+02
2.909992364773975737e+02
4.609651768646810979e+02
2.090572905101369940e+02
3.338580845240472854e+02
1.980474499182750208e+02
1.319553701581259588e+02
2.480222416986421763e+02
2.919753241426438990e+02
2.580099170127365369e+02
2.379958544740281638e+02
2.360763984524268437e+02
3.669996648300843844e+02
3.671347975668059576e+02
3.840925962749919336e+02
2.329125355926649661e+02
3.290504891176104252e+02
3.370880801017803492e+02
4.170282742250761885e+02
1.450506890167048368e+02
3.021179654988493439e+02
3.111088968420841638e+02
1.810162358901388870e+02
3.270012215607335406e+02
2.369616626929923768e+02
2.820973815583688520e+02
3.109058227868998756e+02
1.850418329840721299e+02
1.510404028443757056e+02
1.889802703543202256e+02
3.961761473586286115e+02
2.710790397641967502e+02
2.420019938626738565e+02
2.010755831411530892e+02
1.640173527707884773e+02
1.730107887147038639e+02
4.390390541063812293e+02
5.762882200030662716e+02
3.848957895932551310e+02
2.811062547890357450e+02
3.299732651683696076e+02
3.060122401570964712e+02
3.450188443569206811e+02
3.050144122859423987e+02
2.909369285604657875e+02
3.591086512857460775e+02
3.140905316523265469e+02
1.670004012814150371e+02
2.420327661710360871e+02
3.619666342623867763e+02
2.701008919983906367e+02
4.410374340494296916e+02
7.841482195878461425e+02
2.550531510092520762e+02
1.740394055942246894e+02
3.040624873272622040e+02
2.569171256157766265e+02
3.688821623416424700e+02
1.570258510708873985e+02
2.589150736587077404e+02
1.940406038294372308e+02
3.448696055163658798e+02
3.470973832217518975e+02
1.089003296930490166e+02
1.930121534499616587e+02
2.500711831554304752e+02
3.210390378405438128e+02
2.889156263111883050e+02
3.309710218395043171e+02
1.919895343720707217e+02
1.880106140908216048e+02
1.790336498513823358e+02
5.031858564379121503e+02
4.449223892051442704e+02
1.920322931836901716e+02
1.998036259955059393e+02
4.849284891765757948e+02
4.459540982855053812e+02
2.610870631489335665e+02
2.200215723896185978e+02
1.510615609501253118e+02
2.849402021308893040e+02
2.250175175472384410e+02
2.568778925051152555e+02
1.120024365360290233e+02
2.530433096630890475e+02
3.248509544764106067e+02
2.960978445629155544e+02
1.989742254701210413e+02
2.920407745604297247e+02
2.060480411923904853e+02
4.599698489942064157e+02
1.970553704486830497e+02
3.310011187476829377e+02
3.318601468811190216e+02
3.640154698191462899e+02
3.160152972753706990e+02
1.979870993018750767e+02
3.010797526167208389e+02
5.480219491218668963e+02
1.929903932440484766e+02
