876.042784848066
1128.02654324443
1114.62077881871
643.129812990989
1087.54567538252
994.297591569206
823.185436220527
673.802855987834
1132.4309830936
982.930882689201
607.839539458951
704.232027961903
625.512504311311
1128.02654324443
712.618835844755
1098.93499409535
1064.78136772528
1128.02654324443
1121.34935098335
750.362203627353
1128.02654324443
636.545428140788
783.308679131262
758.664892993741
799.639974336753
695.673538643189
994.297591569206
814.496881227365
678.190899705248
607.839539458952
697.85516840295
1057.88555925678
760.7211223724
693.512990996041
896.127650706042
823.185436220527
607.839539458951
1069.3714115104
1098.93499409535
1076.2163267378
723.080180829086
1001.02943989551
994.297591569204
994.297591569204
1025.98569931226
693.512990996041
723.080180829086
1001.02943989551
941.70701369314
943.964780172334
1098.93499409535
665.021206986443
823.185436220527
682.561834852152
810.248894991086
1089.81922234198
1128.02654324443
966.832057338512
678.190899705246
673.802855987833
1019.20631163092
911.946485145884
823.185436220526
876.042784848066
823.185436220526
699.979822073142
1128.02654324443
1121.34935098335
1132.4309830936
643.129812990989
1094.38690597436
1035.07144474126
746.161007559978
744.087584283165
994.297591569203
669.40924668654
612.325303822649
1128.02654324443
1060.19784730927
994.297591569205
716.814683069961
1001.02943989551
1114.62077881871
702.121483607411
996.528865950857
823.185436220526
827.474506167376
858.161743900358
1025.98569931226
896.127650706044
671.601801470785
1098.93499409535
750.362203627354
607.83953945895
810.248894991087
994.297591569206
887.147928218149
893.8856521297
1057.88555925678
614.5475064761
823.185436220527
651.85241334196
1094.38690597436
887.147928218149
629.930378284064
612.325303822648
758.664892993741
783.308679131262
1132.4309830936
607.839539458951
1132.4309830936
1132.4309830936
814.496881227367
1128.02654324443
735.686854782089
994.297591569202
693.512990996041
1132.4309830936
607.839539458951
823.185436220526
869.376707183819
632.148595672528
610.073073215833
632.148595672528
783.308679131262
762.751829213306
1001.02943989551
1098.93499409535
1060.19784730927
814.496881227365
758.664892993743
1021.47506532168
693.51299099604
695.67353864319
1098.93499409535
1001.02943989551
673.802855987835
723.080180829087
823.185436220528
714.720580158443
1025.98569931226
706.332595047354
1128.02654324443
823.185436220527
616.730004395998
1101.18905818255
1076.2163267378
678.190899705247
693.512990996041
1012.40233665711
1098.93499409535
893.885652129698
610.073073215832
783.308679131263
1128.02654324443
948.508151292312
994.297591569203
969.133374577023
706.33259504735
1132.4309830936
1069.3714115104
1110.13419582203
1128.02654324443
896.12765070604
823.185436220525
1128.02654324444
678.190899705246
643.12981299099
691.327321074766
678.190899705246
823.185436220526
893.885652129701
1128.02654324444
662.816285702522
1132.4309830936
896.127650706041
1035.07144474126
643.129812990989
980.623822355244
803.841578657208
923.463195951091
1094.38690597436
876.042784848067
693.512990996041
693.512990996041
1132.4309830936
636.545428140787
723.080180829086
1114.62077881871
704.232027961903
994.297591569206
632.148595672527
1098.93499409535
1098.93499409535
941.70701369314
994.297591569202
673.802855987834
962.241980211167
791.440751975658
783.308679131262
1005.57518858466
1046.44237150183
607.839539458952
1132.4309830936
1128.02654324443
643.129812990989
887.147928218151
806.002846951955
678.190899705247
996.528865950858
876.042784848067
882.66584751858
836.085430994214
810.248894991087
887.147928218149
691.327321074765
750.362203627356
712.618835844755
876.042784848066
695.673538643188
812.369314546959
858.161743900355
1132.4309830936
1092.08303746719
1132.4309830936
680.367770374887
783.308679131262
1012.40233665711
814.496881227368
783.308679131262
714.720580158443
836.085430994213
994.297591569204
948.508151292312
1119.07677506293
994.297591569206
994.297591569206
643.129812990989
1098.93499409535
1001.02943989551
823.185436220528
760.721122372399
623.332225362093
1107.91061444152
1098.93499409535
632.148595672527
1057.88555925678
1057.88555925678
643.129812990989
887.14792821815
1128.02654324443
1121.34935098335
750.362203627353
996.528865950856
706.332595047355
610.073073215833
884.916828235759
1076.2163267378
1050.99602019015
836.085430994214
994.297591569202
693.51299099604
911.946485145882
1064.78136772528
1116.83391498148
1089.81922234198
1046.44237150184
937.146547021894
643.129812990989
758.664892993741
962.241980211171
1128.02654324443
1132.4309830936
750.362203627357
610.073073215834
760.721122372401
810.248894991085
691.327321074765
1110.13419582203
1021.47506532168
610.073073215833
723.080180829087
612.325303822648
801.703781862927
1057.88555925678
704.232027961906
1028.26744846575
1096.66093992032
823.185436220525
695.673538643187
750.362203627355
1132.4309830936
827.474506167375
695.673538643187
844.907448551966
876.042784848065
702.121483607412
896.127650706044
823.185436220526
1060.19784730927
1114.62077881871
994.297591569206
645.308194833654
893.8856521297
758.66489299374
1128.02654324443
1110.13419582203
1132.4309830936
994.297591569205
1128.02654324444
1132.4309830936
758.664892993742
858.161743900354
762.751829213305
941.707013693139
1012.40233665711
812.36931454696
992.027341417679
737.787955119182
643.129812990987
783.308679131263
632.148595672526
823.185436220527
876.042784848065
1025.98569931226
847.141652002207
625.51250431131
996.528865950856
632.148595672528
737.787955119181
1050.99602019015
625.512504311311
779.176428491043
893.885652129699
612.325303822648
1132.4309830936
943.964780172335
1132.4309830936
640.922159300445
1092.08303746719
612.325303822648
1132.4309830936
1046.44237150184
640.922159300446
616.730004395998
1001.02943989551
1098.93499409535
823.185436220527
632.148595672527
812.369314546958
1114.62077881871
873.85858214768
760.721122372398
1128.02654324444
905.135437757769
783.308679131263
783.308679131263
612.325303822648
1025.98569931226
1132.4309830936
1132.4309830936
893.885652129699
634.35684016715
693.512990996039
1069.3714115104
941.707013693141
612.325303822648
750.362203627354
693.512990996041
1005.57518858466
1094.38690597436
851.520792531665
876.042784848067
966.832057338511
994.297591569206
821.014856468255
632.148595672527
716.814683069963
801.703781862928
1114.62077881871
731.456238285692
836.085430994212
612.325303822649
1098.93499409535
706.332595047352
634.356840167148
612.325303822649
607.839539458952
943.964780172335
1128.02654324443
987.558485943821
1076.21632673781
1069.3714115104
1110.13419582203
823.185436220527
702.121483607411
876.042784848067
643.129812990989
801.703781862927
1101.18905818255
1110.13419582203
1046.44237150184
994.297591569206
616.730004395996
1132.4309830936
893.885652129699
616.730004395998
1132.4309830936
693.512990996039
1057.88555925678
1071.64369391487
691.327321074766
680.367770374887
1025.98569931226
783.308679131263
640.922159300445
814.496881227364
783.308679131261
689.098245433932
831.78040342872
632.148595672528
928.046620591805
1001.02943989551
706.332595047354
1057.88555925678
812.36931454696
616.730004395997
941.70701369314
823.185436220526
1096.66093992032
760.721122372397
725.187920093748
1110.13419582203
629.930378284067
1103.42307830783
823.185436220526
943.964780172334
896.127650706046
616.730004395997
712.618835844754
869.376707183818
1098.93499409535
1001.02943989551
723.080180829087
1128.02654324444
673.802855987835
994.297591569206
693.512990996041
678.190899705247
1076.2163267378
1080.74751028747
665.021206986444
898.359843738566
616.730004395997
1132.4309830936
810.248894991086
1098.93499409535
1035.07144474126
1021.47506532168
1032.81662935539
762.751829213306
610.073073215832
621.141772285841
607.839539458952
1132.4309830936
1037.34665720346
987.55848594382
1039.62291364383
823.185436220527
673.802855987835
748.205388271723
1098.93499409535
1128.02654324443
640.922159300446
1021.47506532168
1130.25867665325
640.922159300446
799.639974336754
645.308194833654
742.05241707662
1098.93499409535
729.365849467167
1057.88555925678
1098.93499409535
1114.62077881871
1132.4309830936
823.185436220527
1001.02943989551
858.161743900355
1098.93499409535
1021.47506532167
678.190899705248
1082.99970352997
969.13337457702
982.930882689201
758.664892993741
632.148595672527
686.922703815814
697.855168402949
896.127650706044
969.133374577021
911.946485145883
612.325303822648
1069.3714115104
1087.54567538251
1128.02654324443
1119.07677506293
750.362203627354
799.639974336752
737.787955119181
1046.44237150183
799.639974336752
675.992831245412
1132.4309830936
750.362203627353
973.690993220718
643.129812990989
1132.4309830936
673.802855987835
996.528865950858
612.325303822647
610.073073215833
764.840442208164
889.372055864018
1128.02654324443
994.297591569206
638.724129253974
1114.62077881871
994.297591569205
911.946485145883
869.37670718382
704.232027961903
1107.91061444152
994.297591569205
1001.02943989551
898.359843738567
1128.02654324444
994.297591569206
760.7211223724
621.141772285842
760.721122372401
723.080180829086
616.730004395997
1085.2824298413
836.085430994215
810.248894991087
695.673538643191
992.027341417675
1114.62077881871
978.343124500897
887.14792821815
1107.91061444152
762.751829213304
1073.92855932274
760.721122372398
823.185436220526
629.930378284064
697.855168402948
1128.02654324443
678.190899705247
629.930378284062
814.496881227365
750.362203627354
1050.99602019015
996.528865950856
697.855168402948
768.910557585383
699.979822073141
1132.4309830936
823.185436220526
689.098245433933
896.127650706041
675.99283124541
723.080180829086
893.8856521297
1001.02943989551
823.185436220528
632.148595672527
821.014856468253
678.190899705246
814.496881227367
607.839539458952
987.558485943821
1121.34935098335
693.512990996041
610.073073215835
1119.07677506293
882.665847518585
1112.3576230794
625.512504311311
966.832057338514
766.897045320761
1132.4309830936
791.44075197566
994.297591569201
823.185436220527
943.964780172334
610.073073215832
629.930378284065
905.135437757769
1025.98569931226
896.127650706044
893.885652129699
704.232027961904
758.664892993741
693.512990996041
887.147928218151
1098.93499409535
716.814683069962
760.721122372398
1019.20631163092
869.376707183821
823.185436220527
987.558485943822
612.325303822648
1128.02654324444
1119.07677506293
898.359843738564
887.14792821815
1128.02654324444
1096.66093992032
996.528865950859
806.002846951955
673.802855987835
962.241980211168
962.241980211166
1116.83391498148
1080.74751028748
1121.34935098335
1092.08303746719
858.161743900355
943.964780172333
1057.88555925678
682.561834852151
791.44075197566
994.297591569203
1101.18905818255
823.185436220527
1132.4309830936
982.930882689199
616.730004395997
680.367770374886
1132.4309830936
1041.90855779157
1035.07144474126
783.308679131263
1025.98569931226
607.839539458954
987.55848594382
941.707013693141
625.512504311311
1132.4309830936
742.052417076621
750.362203627356
1119.07677506293
1116.83391498148
823.185436220527
823.185436220527
729.365849467168
810.248894991087
675.992831245411
1128.02654324443
1067.0990665106
651.852413341959
647.525375106321
695.673538643188
823.18543622053
758.664892993739
654.059447270496
710.53164678847
1057.88555925678
1112.3576230794
994.297591569206
962.241980211168
607.839539458951
682.561834852151
1132.4309830936
980.623822355242
1096.66093992032
896.12765070604
806.002846951957
1060.19784730926
810.248894991086
627.721605518876
671.601801470784
1057.88555925678
812.36931454696
1060.19784730927
1041.90855779157
871.626350044064
758.66489299374
697.855168402946
814.496881227365
823.185436220526
1021.47506532168
748.205388271722
982.930882689201
1071.64369391486
1035.07144474126
1035.07144474126
1098.93499409535
806.002846951956
994.297591569205
887.147928218148
996.528865950858
1012.40233665712
1023.74745345885
853.713299866153
1096.66093992032
823.185436220526
1003.28972038316
1132.4309830936
994.297591569206
893.885652129699
706.332595047353
1128.02654324443
785.3676281722
1076.2163267378
1128.02654324443
827.474506167375
821.014856468252
1060.19784730927
647.525375106321
768.910557585384
996.528865950856
823.185436220528
1057.88555925678
1114.62077881871
614.5475064761
638.724129253975
793.446207331785
673.802855987834
823.185436220527
636.545428140786
980.623822355242
836.085430994212
1116.83391498148
682.56183485215
829.631163434625
1110.13419582203
823.185436220527
704.232027961903
821.014856468253
994.297591569206
1119.07677506293
671.601801470784
632.148595672527
678.190899705247
1021.47506532168
1069.3714115104
744.087584283164
689.098245433932
1057.88555925678
962.241980211173
1114.62077881871
889.372055864017
691.327321074767
673.802855987835
930.321595459116
1121.34935098335
737.787955119182
760.721122372397
1128.02654324443
632.148595672527
1132.4309830936
744.087584283163
706.332595047352
621.14177228584
1121.34935098335
814.496881227364
697.855168402949
810.248894991086
1025.98569931226
758.664892993741
1098.93499409535
1096.66093992032
760.7211223724
616.730004395998
1003.28972038316
673.802855987835
697.855168402946
714.720580158443
941.707013693141
739.934995386856
1110.13419582203
1123.59184516221
821.014856468255
1064.78136772528
812.369314546959
791.44075197566
1092.08303746719
1128.02654324444
833.932150621824
982.930882689203
636.545428140788
1001.02943989551
632.148595672527
712.618835844754
1098.93499409535
1112.35762307939
994.297591569206
645.308194833654
1098.93499409535
1080.74751028748
607.839539458952
695.673538643188
1025.98569931226
1096.66093992032
651.852413341958
673.802855987834
980.623822355241
618.911842560054
876.042784848067
612.325303822648
744.087584283163
821.014856468254
632.148595672527
1128.02654324443
612.325303822648
733.552568089632
1132.4309830936
989.807632873221
1132.4309830936
1098.93499409535
1005.57518858466
898.359843738565
643.129812990989
1012.40233665711
821.014856468253
943.964780172334
1035.07144474126
746.16100755998
889.372055864016
1114.62077881871
612.325303822647
941.707013693141
823.185436220526
959.943389372396
1062.51609151638
691.327321074765
651.852413341958
768.910557585384
869.376707183818
791.44075197566
760.721122372396
651.852413341961
791.440751975661
823.185436220528
669.409246686539
673.802855987834
716.814683069963
996.528865950856
1076.2163267378
1001.02943989551
629.930378284066
1069.3714115104
1060.19784730927
1001.02943989551
678.190899705246
625.51250431131
691.327321074764
607.839539458951
1098.93499409535
704.232027961902
632.148595672527
1057.88555925678
783.308679131262
706.332595047352
996.528865950858
1132.4309830936
783.308679131263
612.325303822649
673.802855987834
760.721122372398
876.042784848068
1078.49619728489
680.367770374886
1096.66093992032
1103.42307830783
621.141772285843
1128.02654324444
1080.74751028748
823.185436220526
750.362203627356
1025.98569931226
1069.3714115104
691.327321074764
799.639974336753
812.369314546961
1119.07677506293
941.70701369314
636.545428140787
980.623822355242
766.89704532076
671.601801470785
612.325303822647
973.690993220716
712.618835844755
893.885652129701
680.367770374887
673.802855987832
754.577836106026
612.325303822648
1039.62291364382
1132.4309830936
797.572370610559
1067.09906651059
760.721122372397
1071.64369391487
1098.93499409535
625.512504311311
1132.4309830936
643.12981299099
785.367628172199
612.325303822648
1001.02943989551
893.885652129699
996.528865950859
1132.4309830936
996.528865950857
1132.4309830936
629.930378284065
1103.42307830783
1014.65841368381
647.525375106321
1064.78136772528
712.618835844755
1132.4309830936
799.639974336754
1101.18905818255
791.440751975659
896.127650706041
876.042784848068
607.839539458952
1016.93305988469
702.12148360741
671.601801470785
1001.02943989551
992.027341417678
823.185436220526
1057.88555925678
1132.4309830936
1114.62077881871
1028.26744846576
1094.38690597436
869.376707183817
643.129812990989
1094.38690597436
1025.98569931226
814.496881227364
992.027341417675
994.297591569202
1028.26744846575
762.751829213307
1060.19784730927
911.946485145883
891.633832734956
1130.25867665325
799.639974336753
1007.87570646192
714.720580158442
1132.4309830936
829.631163434623
1001.02943989551
649.703545368088
682.561834852152
783.308679131261
855.951031681496
1130.25867665325
760.721122372399
671.601801470785
750.362203627356
1125.82421056322
1098.93499409535
891.633832734958
827.474506167376
737.787955119183
1110.13419582203
625.512504311311
632.148595672527
1076.2163267378
847.141652002207
640.922159300444
634.356840167149
1041.90855779157
987.55848594382
714.720580158443
948.508151292312
1023.74745345885
750.362203627357
791.440751975659
629.930378284065
1114.62077881871
1003.28972038316
704.232027961903
1007.87570646192
610.073073215834
821.014856468251
858.161743900356
858.161743900355
889.372055864016
607.839539458951
742.052417076621
1098.93499409535
791.440751975659
708.444730120139
762.751829213305
1098.93499409535
1019.20631163092
1110.13419582203
669.409246686539
651.852413341961
682.56183485215
1128.02654324443
1028.26744846575
801.703781862929
1035.07144474126
858.161743900355
833.932150621824
1057.88555925678
1123.59184516222
714.720580158444
1025.98569931226
1073.92855932274
693.512990996041
1121.34935098335
812.369314546959
823.185436220525
889.372055864017
930.321595459119
1128.02654324443
943.964780172334
876.042784848067
654.059447270497
750.362203627353
893.885652129701
607.839539458951
932.577029288877
858.161743900354
1130.25867665325
612.325303822648
823.185436220526
996.528865950856
651.852413341959
1094.38690597436
836.085430994213
704.232027961903
632.148595672528
1130.25867665325
1001.02943989551
823.185436220526
673.802855987833
878.219138144343
812.369314546959
1128.02654324443
923.463195951091
1016.93305988468
996.528865950855
821.014856468254
801.70378186293
704.232027961903
616.730004395997
1103.42307830783
941.70701369314
691.327321074766
1098.93499409535
697.855168402945
1103.42307830782
882.665847518585
1035.07144474126
1023.74745345885
695.673538643187
746.161007559978
887.147928218149
678.190899705247
697.855168402949
1098.93499409535
808.120793519391
697.855168402945
1076.2163267378
1057.88555925678
896.127650706042
880.436780501949
987.558485943816
737.787955119182
704.232027961905
775.090404128929
758.664892993742
893.885652129696
1069.3714115104
678.190899705247
1110.13419582203
1123.59184516222
823.185436220525
814.496881227368
1110.13419582203
781.242327170571
1067.09906651059
610.073073215833
693.512990996041
799.639974336752
723.080180829088
1057.88555925678
1128.02654324443
966.832057338512
862.649669948519
704.232027961903
684.724432283086
833.932150621824
1073.92855932274
686.922703815815
671.601801470784
783.308679131262
994.297591569202
821.014856468253
816.685505977577
1064.78136772528
916.630395600904
1078.49619728489
699.979822073142
629.930378284064
621.141772285839
803.841578657211
680.367770374887
795.524712096649
911.946485145882
612.325303822647
1057.88555925678
660.620454789923
1046.44237150184
638.724129253975
742.05241707662
827.474506167376
612.325303822648
1021.47506532168
651.852413341959
855.951031681497
665.021206986443
827.474506167376
1069.3714115104
616.730004395998
640.922159300445
1107.91061444152
896.12765070604
1060.19784730927
1021.47506532168
662.816285702522
969.13337457702
855.951031681496
1057.88555925678
647.525375106322
889.372055864016
941.70701369314
651.85241334196
1098.93499409535
898.359843738566
860.425875736566
758.664892993741
607.839539458952
810.248894991087
1046.44237150183
669.409246686539
898.359843738565
636.545428140787
1123.59184516222
785.367628172201
1028.26744846576
758.664892993741
1094.38690597436
969.13337457702
994.297591569207
893.885652129704
750.362203627357
695.673538643188
827.474506167375
876.042784848067
691.327321074766
806.002846951955
896.127650706041
1096.66093992032
797.572370610558
673.802855987835
712.618835844756
969.133374577021
873.858582147682
803.841578657211
930.321595459117
1076.2163267378
632.148595672527
876.042784848066
1057.88555925678
623.332225362091
697.855168402947
610.073073215834
647.525375106321
1001.02943989551
607.839539458951
723.080180829086
1096.66093992032
1007.87570646191
996.528865950857
746.161007559976
750.362203627355
612.325303822649
725.187920093748
791.440751975661
607.839539458954
896.127650706043
629.930378284063
607.839539458953
712.618835844755
673.802855987834
629.930378284065
969.13337457702
758.66489299374
994.297591569202
893.885652129703
680.367770374887
829.631163434625
671.601801470784
758.66489299374
678.190899705248
781.242327170572
710.531646788471
893.885652129702
1080.74751028747
708.444730120137
750.362203627355
629.930378284063
1001.02943989551
948.508151292312
1046.44237150183
992.02734141768
607.839539458952
783.308679131262
651.85241334196
911.946485145882
1010.15498411638
1010.15498411638
1055.61023579709
955.380231234876
793.446207331784
1076.2163267378
887.14792821815
614.5475064761
1053.29997634854
682.56183485215
680.367770374888
739.934995386857
996.528865950857
858.161743900355
607.839539458952
607.839539458952
797.572370610558
893.885652129698
750.362203627356
625.512504311311
750.362203627355
714.720580158443
614.5475064761
1064.78136772528
1055.61023579709
675.992831245411
836.085430994212
607.839539458951
665.021206986443
714.720580158444
1037.34665720346
1064.78136772528
893.885652129697
996.528865950858
799.639974336753
1105.64698329833
693.51299099604
651.852413341959
808.12079351939
976.027392965879
760.721122372398
789.39818385739
754.577836106025
689.098245433934
750.362203627353
1001.02943989551
1001.02943989551
1025.98569931226
957.687334126165
896.127650706045
680.367770374887
762.751829213304
693.512990996041
762.751829213305
946.257230572706
697.855168402947
695.673538643189
680.367770374886
966.832057338512
783.308679131261
656.266239547311
651.85241334196
760.721122372398
704.232027961904
697.855168402946
1021.47506532168
1057.88555925678
814.496881227364
896.127650706045
629.930378284066
1069.3714115104
783.308679131263
982.9308826892
737.787955119181
923.463195951092
898.359843738565
714.720580158443
702.12148360741
654.059447270496
1076.2163267378
627.721605518876
930.321595459116
614.547506476099
836.085430994212
695.673538643188
801.703781862928
884.916828235757
766.897045320761
1062.51609151638
614.547506476099
803.84157865721
777.123223054957
941.707013693141
858.161743900358
695.673538643189
699.97982207314
614.5475064761
1076.21632673781
1021.47506532167
858.161743900357
898.359843738568
893.8856521297
1082.99970352997
1046.44237150184
1069.3714115104
699.979822073138
702.12148360741
1025.98569931226
733.552568089631
789.39818385739
1089.81922234198
1041.90855779157
1073.92855932274
1046.44237150183
1060.19784730927
1023.74745345885
1035.07144474126
969.133374577019
1025.98569931226
1057.88555925678
932.577029288873
1025.98569931226
932.577029288874
1069.3714115104
964.537778149291
950.801437043772
1053.29997634854
1035.07144474126
1055.61023579709
900.592416674408
1028.26744846576
1023.74745345885
1037.34665720346
